40
40
16
400    160
464    185
228     68
136     13
282     56
211     42
 37      7
100     10
498     49
473    141
278    139
202     40
210    105
263    105
365    182
426    213
364    145
 80      8
131     39
260     26
399    119
422    211
311    124
312     93
341    170
391    195
 53     15
397    119
342    136
193     96
184     92
 76     38
114     57
235    117
 63     31
349     34
 61     12
484    145
389    155
383    191
129     85      551
827     30      210
400     33      582
869     86      427
451     49      485
445     98      385
116     66      486
203     13      294
997     87      662
857     41      461
500     31      321
286     72      659
746     30      382
609     69      239
858     87      616
892     65      660
355     19      539
664     90      222
630     96      293
380     52      563
824     88      414
176     35      619
165     79      498
923     51      300
687     83      693
551     37      667
285     95      682
779     78      347
951     14      556
788     24      432
231     20      688
992     62      407
990     27      689
140     62      315
483     79      380
292     20      474
739     16      501
444     73      666
242     90      568
559     12      462
265.71	876.07	63.29	172.31	135.89	152.55	516.45	50.35	161.94	879.12	297.81	236.30	143.64	190.09	493.04	460.80	156.27	145.02	367.04	414.15	512.08	644.88	120.45	102.84	420.46	653.71	393.59	635.95	404.98	580.14	397.39	669.69	456.21	459.68	841.00	591.10	611.23	357.45	640.44	772.17	
236.57	937.26	8.47	379.21	127.35	500.52	839.01	282.62	644.53	206.05	695.77	156.62	849.92	815.22	258.45	270.39	468.93	651.04	905.34	872.91	231.18	302.73	542.60	686.39	761.41	383.60	277.49	372.64	740.06	916.93	144.81	975.63	854.19	152.28	354.84	980.54	651.80	193.84	263.16	296.33	
398.89	957.93	451.95	248.82	773.15	709.40	518.21	242.08	360.44	423.55	114.99	590.63	725.27	656.59	277.02	486.68	40.19	553.51	858.31	779.25	470.44	3.12	754.88	324.63	154.40	109.72	305.17	805.20	302.57	567.33	101.53	700.46	525.27	552.48	948.28	298.42	261.88	466.49	539.50	621.32	
889.03	653.49	211.95	614.30	310.08	487.97	100.98	349.28	41.48	958.29	128.53	510.92	960.42	882.41	834.56	114.82	991.13	139.73	919.02	293.70	706.07	20.55	993.16	231.33	572.03	941.44	528.75	832.91	407.93	68.25	454.23	296.96	720.75	665.18	910.26	30.83	153.14	11.24	379.11	193.62	
968.53	506.64	703.55	928.95	389.05	538.10	43.77	380.18	676.84	961.79	672.88	382.90	981.34	666.04	613.24	553.38	607.48	141.99	386.28	15.41	209.24	839.51	311.37	928.99	504.69	221.63	958.81	656.83	231.87	337.92	849.46	200.40	843.56	553.00	129.35	232.61	91.11	172.13	611.79	766.94	
133.92	284.68	149.84	115.26	949.72	762.08	667.64	557.21	903.07	53.92	571.62	112.31	892.44	881.99	41.29	397.13	103.61	999.11	53.96	334.48	337.03	902.42	533.89	180.59	455.42	662.24	412.20	545.53	833.37	23.99	312.47	966.28	307.67	461.31	81.55	257.39	223.39	748.19	813.59	126.46	
801.11	385.21	237.77	693.54	267.19	278.06	90.67	369.81	277.17	143.63	703.29	613.20	46.05	237.18	792.79	500.47	898.42	204.98	45.99	731.79	227.97	357.46	698.07	534.64	817.78	778.62	791.03	41.17	526.80	604.62	166.63	327.91	988.83	403.40	21.46	256.02	680.46	111.13	624.83	956.63	
253.76	328.12	569.83	298.81	564.30	362.61	798.28	462.72	566.60	843.27	194.51	793.57	200.74	891.58	328.21	18.51	670.20	119.24	58.68	197.00	722.86	224.31	523.92	711.68	626.70	544.37	966.71	307.16	654.50	591.54	263.79	907.27	918.66	832.61	206.08	482.96	195.23	4.35	944.69	760.83	
846.63	139.19	554.40	47.36	30.77	881.61	64.87	699.97	999.85	122.55	895.97	722.70	345.86	419.89	434.38	971.56	963.26	401.09	278.72	617.77	991.63	541.51	525.03	910.29	374.13	730.11	393.25	568.35	733.46	337.94	329.18	580.09	476.13	882.58	626.45	505.91	764.19	690.32	205.88	764.03	
811.87	101.85	486.73	157.73	520.74	920.12	129.29	484.00	321.21	407.02	101.77	312.84	947.53	625.81	223.13	321.66	355.91	615.38	889.01	89.38	952.32	218.19	668.46	428.45	100.77	294.91	933.35	863.95	984.23	139.23	627.99	796.11	240.08	114.72	952.84	759.82	34.84	82.13	243.82	355.05	
488.15	344.60	666.89	435.68	969.40	889.01	756.34	325.31	504.39	645.35	413.69	456.71	862.54	82.15	884.16	962.30	376.07	817.51	826.26	360.30	955.74	454.25	156.41	195.82	567.97	109.25	954.64	601.81	190.38	198.47	955.86	677.54	542.06	622.75	113.22	511.46	511.76	868.56	835.78	16.16	
513.90	249.47	471.87	376.44	330.62	356.03	338.74	705.69	173.54	165.00	65.99	129.28	618.25	221.40	324.11	186.21	329.65	278.75	787.02	519.03	476.21	742.89	196.57	18.28	365.64	308.79	528.74	876.40	177.35	364.51	891.56	690.25	612.98	363.43	66.69	942.60	718.45	404.43	648.29	890.99	
568.43	713.28	20.28	186.68	933.68	343.38	371.90	263.33	621.13	158.92	781.37	97.35	900.81	976.94	114.62	266.44	285.73	642.36	142.84	462.08	6.87	34.40	152.33	618.85	396.82	218.02	561.45	115.28	621.45	209.74	6.27	189.88	922.02	25.54	375.57	855.70	367.93	746.46	119.03	988.06	
904.38	899.40	85.40	805.19	876.34	199.02	71.63	162.07	840.38	213.47	623.15	846.25	246.87	774.47	465.10	642.70	991.49	26.55	756.97	612.94	235.29	762.24	801.82	157.31	786.79	177.39	13.01	154.71	922.85	131.05	142.77	827.23	30.45	227.18	632.42	905.79	425.20	703.05	67.86	265.58	
915.53	690.01	111.84	162.40	464.48	575.94	804.10	455.97	601.49	561.07	68.91	835.78	323.31	869.73	992.09	110.10	47.12	5.10	263.82	968.97	135.15	405.59	796.20	164.60	631.76	428.62	70.39	56.96	131.68	137.25	321.54	47.20	826.27	432.38	208.60	290.75	8.32	12.70	745.72	608.81	
572.77	813.64	444.59	895.08	683.37	436.68	5.18	729.49	440.79	268.00	698.47	574.94	672.58	494.67	738.53	304.35	922.29	807.92	360.31	53.97	944.18	680.85	100.17	770.44	113.23	307.77	61.19	120.55	319.47	805.92	728.36	891.23	619.56	172.95	786.31	302.93	608.64	790.49	32.42	49.43	
58.49	729.89	623.36	730.08	224.56	361.90	34.42	146.85	169.82	393.73	199.82	113.99	74.59	298.99	883.44	186.82	605.76	943.63	306.38	924.22	749.55	34.74	815.46	369.11	206.69	601.77	671.03	814.33	392.26	702.45	862.76	449.76	432.34	486.12	179.83	655.90	847.02	213.26	801.75	16.84	
605.99	1.57	129.83	679.58	299.55	13.27	865.40	904.31	955.90	171.78	828.54	705.45	205.52	643.99	74.55	411.21	245.76	744.59	225.55	637.03	447.04	88.31	86.78	878.38	573.43	265.62	534.28	420.45	477.87	336.03	436.29	83.86	336.59	565.12	762.44	635.15	577.39	627.85	539.46	533.29	
798.63	368.00	238.74	4.15	11.99	312.29	414.36	256.75	56.88	638.90	892.78	502.92	726.21	978.56	381.30	299.64	244.18	914.58	719.09	721.05	250.61	155.38	803.91	586.20	719.50	566.36	221.35	296.89	194.21	759.81	829.18	991.84	127.81	67.92	994.98	138.80	379.21	409.34	394.55	435.09	
48.25	287.33	937.01	773.46	265.89	318.31	73.10	509.07	232.89	791.19	230.12	482.50	945.57	34.03	68.70	665.07	599.39	289.06	960.96	792.60	48.87	790.14	784.43	175.68	857.06	779.42	313.48	236.27	188.76	707.03	670.35	236.01	993.36	607.36	9.47	259.26	924.67	81.57	767.33	157.56	
871.76	996.45	639.06	817.33	30.48	706.76	482.40	628.88	994.82	443.36	421.47	43.68	233.50	205.91	218.36	90.55	984.33	530.84	325.82	173.09	237.87	995.17	408.10	231.24	602.53	416.56	489.50	527.20	497.13	256.82	683.76	368.89	253.27	322.82	186.22	282.76	29.58	667.61	910.63	24.39	
110.97	332.11	67.08	343.47	537.01	284.44	433.02	521.34	814.29	757.83	693.43	52.16	753.00	101.52	282.40	355.53	517.09	770.89	881.73	14.22	27.72	565.49	382.11	279.99	887.31	567.32	561.75	915.89	234.94	472.38	939.28	344.91	803.49	6.36	687.37	340.50	289.80	120.39	860.84	104.09	
877.22	554.27	155.25	630.23	654.80	436.64	984.76	171.88	207.54	866.49	185.10	234.25	431.98	566.21	513.24	319.29	133.54	74.99	235.18	367.48	546.37	174.46	711.38	349.86	179.82	398.76	689.36	468.62	518.15	550.20	571.71	395.37	104.47	725.96	25.60	758.27	162.60	10.36	929.15	369.14	
875.85	114.26	602.40	307.83	679.47	115.64	626.13	812.01	189.63	860.30	179.49	735.00	34.76	889.87	84.86	213.58	288.63	773.22	681.21	805.77	323.42	252.92	201.15	426.89	977.88	225.75	185.16	140.48	235.10	114.32	508.63	110.95	227.57	111.02	417.79	906.05	225.66	43.91	718.06	414.29	
903.22	896.54	149.30	936.98	786.41	233.16	150.57	75.04	6.38	830.78	879.81	328.80	83.70	80.96	754.69	61.58	305.70	938.85	201.06	539.81	53.17	708.69	649.76	279.75	818.71	67.55	185.79	44.37	110.46	902.85	457.67	13.68	799.39	605.97	949.66	585.80	838.12	100.23	659.84	843.50	
930.01	539.65	172.30	13.70	619.61	925.99	74.28	924.31	864.85	274.34	464.12	917.02	982.03	113.88	196.76	800.74	180.43	381.55	844.11	289.89	284.40	301.78	302.57	83.79	906.75	252.23	668.59	744.87	351.46	328.43	588.37	281.47	867.08	759.67	294.17	486.69	685.66	367.45	411.00	550.51	
640.79	874.11	467.52	622.81	986.99	663.29	423.55	167.42	44.84	267.66	456.31	328.24	568.44	757.88	411.03	475.19	10.11	79.62	220.06	360.58	407.05	807.43	641.05	274.13	567.10	934.22	759.82	252.76	301.67	170.81	802.27	941.45	44.93	269.79	564.27	31.92	932.07	986.82	198.34	975.91	
254.48	653.65	304.16	821.92	411.53	714.19	297.11	420.64	792.81	516.17	780.22	199.87	323.60	421.27	473.00	889.70	355.48	232.82	142.46	656.15	402.63	943.73	597.60	446.55	213.52	161.87	477.47	145.59	148.68	674.81	121.51	402.16	328.45	424.66	224.08	738.98	138.85	520.20	159.62	930.66	
36.37	938.83	130.53	358.98	360.10	602.53	248.68	714.58	834.34	390.14	370.73	236.97	333.87	967.33	682.52	546.39	129.20	159.99	690.98	276.88	833.80	811.49	678.04	162.25	236.15	901.13	900.22	374.00	421.33	59.84	304.66	456.70	997.67	434.19	814.67	357.77	36.72	63.35	72.35	870.06	
452.50	442.08	107.03	785.37	409.41	788.55	331.76	537.61	947.54	22.75	813.49	781.34	833.24	491.53	942.58	69.39	392.66	842.80	442.39	812.99	901.64	746.06	269.68	899.31	180.25	84.36	257.08	215.97	146.71	328.43	86.03	598.21	769.51	192.05	383.58	178.92	979.60	714.35	715.52	927.14	
736.10	529.01	708.47	569.34	20.55	651.06	637.73	412.21	493.86	80.13	225.19	395.50	825.18	493.88	294.81	5.43	577.24	550.89	220.40	722.95	878.31	305.43	321.16	647.82	496.48	703.75	825.74	476.08	418.09	541.26	403.22	154.19	70.27	111.69	722.53	89.82	761.75	360.26	501.03	255.61	
439.39	725.22	650.11	264.57	219.10	943.92	269.00	795.34	494.81	488.40	518.29	373.12	792.83	838.45	20.94	289.31	542.20	845.68	764.38	959.29	386.94	167.60	113.48	456.21	278.29	835.01	545.03	40.04	195.27	46.06	294.65	633.66	770.29	943.76	897.23	988.39	887.68	166.24	783.73	382.49	
653.64	302.02	754.61	446.47	140.47	774.55	734.78	681.66	620.23	499.16	640.95	7.16	665.77	753.43	462.37	943.06	588.45	7.41	982.10	782.72	52.47	276.75	416.38	821.76	220.51	313.61	810.15	108.19	478.85	593.88	489.68	132.49	894.89	244.29	577.97	35.36	18.84	312.74	716.03	638.06	
810.91	356.98	644.23	476.67	110.41	106.60	419.73	697.86	113.01	401.84	480.58	164.48	677.59	895.96	985.23	897.10	209.57	795.38	5.30	687.42	389.26	493.98	818.92	284.15	737.26	396.88	318.51	755.10	708.63	34.54	393.17	519.53	390.52	37.39	995.21	499.93	143.00	414.94	197.79	255.01	
815.78	677.37	418.48	493.37	573.33	403.72	390.47	781.90	199.10	394.77	469.33	587.36	887.74	288.24	870.51	625.01	684.13	189.02	380.11	392.75	222.56	772.28	911.29	612.08	808.67	906.49	112.01	950.67	321.43	308.81	205.68	137.21	985.18	623.16	629.57	558.50	26.88	20.04	340.41	224.98	
413.81	808.73	811.34	301.55	96.97	681.84	925.56	780.10	869.87	305.67	172.85	92.43	77.95	84.14	703.51	885.62	989.63	814.53	836.29	311.06	123.33	41.97	447.27	108.51	664.13	76.84	666.01	690.01	95.89	6.42	913.98	508.70	814.15	725.32	809.25	910.12	407.17	734.81	690.22	277.03	
40.49	862.07	368.46	117.44	945.21	71.97	3.06	934.84	885.50	838.36	245.90	8.83	879.32	692.17	116.34	543.45	768.02	781.35	233.46	862.90	786.76	147.44	371.60	600.91	871.76	180.85	511.03	278.93	914.66	201.26	554.96	954.15	63.33	922.43	71.59	8.54	993.40	73.65	942.39	878.90	
911.00	188.29	886.73	790.33	879.46	3.07	333.78	647.48	783.41	566.24	510.38	570.18	712.68	880.98	171.09	584.45	61.83	681.12	862.38	975.50	881.38	417.34	929.64	943.71	339.77	1.23	951.26	333.17	73.88	893.64	212.06	983.88	81.93	98.79	774.21	960.40	100.86	107.98	607.88	883.27	
673.22	118.26	453.45	385.90	998.24	623.53	969.35	60.07	304.66	831.73	35.57	186.04	249.07	964.21	129.75	587.83	964.44	81.00	920.00	38.32	973.65	132.06	22.20	55.58	229.85	795.40	15.98	329.71	902.39	622.85	212.98	575.61	740.11	665.43	960.51	738.35	288.96	929.86	797.42	592.62	
761.59	831.99	777.66	10.65	796.20	906.40	597.49	760.64	986.41	517.48	797.96	960.05	648.54	819.16	15.63	877.40	614.56	30.61	207.11	516.95	652.46	419.09	92.56	392.57	84.52	53.07	130.92	372.49	981.94	927.34	964.11	743.52	759.33	741.76	753.18	555.53	648.17	350.66	316.17	634.57	
