40
40
12
 80      8
 65     32
257     51
389    155
137     41
 35      3
355     71
226     67
172     34
375    150
368     36
199     79
206     20
 31      9
 98     49
137     13
189     37
 77     23
254     76
223     22
223     44
449    134
340     68
461     46
245     98
456    182
500    150
101     20
332    132
197     19
249     24
195     97
122     48
 86      8
324    129
459     45
259    103
219     43
293    117
205     82
796     34      589
123     42      208
425     17      495
523     31      397
286     60      457
463     80      335
733     90      676
509     58      550
153     94      580
205     47      536
259     47      247
984     75      441
951     38      493
618     71      516
661     24      580
703     57      335
738     42      362
142     20      489
911     28      560
127     49      310
783     77      373
352    100      540
388     43      269
954     66      561
553     72      579
638     72      348
107     16      518
394     13      464
799     25      256
961     54      388
904     12      508
212     41      391
686     52      643
397     10      549
412     63      588
386     48      399
509     32      684
907     58      309
992     75      248
832     55      564
993.63	144.81	690.96	847.33	668.58	208.04	646.27	484.25	10.72	905.66	600.04	915.41	554.13	230.49	435.95	680.39	693.53	902.73	770.13	371.18	16.26	352.57	322.93	191.57	608.45	210.89	328.31	8.38	810.90	993.12	119.73	804.52	137.93	809.69	651.85	805.52	17.73	298.13	289.77	27.46	
203.78	888.81	941.87	756.91	119.29	377.82	437.30	811.82	280.54	207.44	183.00	295.81	559.01	504.93	486.38	167.45	714.83	813.69	174.83	525.72	806.81	293.56	330.25	943.75	103.25	981.10	749.26	119.98	279.23	39.03	146.44	482.01	926.84	88.30	238.92	46.13	465.12	675.23	856.96	744.67	
881.66	39.96	40.47	440.67	543.89	525.85	607.12	258.72	339.54	780.95	783.44	146.35	74.51	113.69	90.10	176.76	94.79	838.36	295.74	373.02	876.39	441.18	854.03	803.23	528.48	92.96	848.36	992.60	767.18	705.32	737.27	648.85	744.28	776.74	89.52	288.17	302.59	695.64	545.88	641.14	
476.59	329.32	786.49	550.11	442.01	875.59	725.87	535.80	713.95	21.61	907.82	590.34	461.78	761.85	393.57	989.26	853.81	241.93	981.87	621.00	946.24	719.14	269.84	690.52	495.88	358.36	977.69	797.47	54.00	523.57	438.61	529.59	851.89	225.10	79.70	293.91	100.69	804.57	828.71	813.64	
825.17	736.53	403.98	286.95	498.38	796.54	276.22	352.19	38.47	258.08	972.19	983.72	976.22	242.03	674.24	472.10	599.39	651.93	269.57	652.39	175.50	707.18	181.98	27.39	931.28	260.68	320.30	31.97	65.25	149.00	844.61	889.42	884.53	248.59	176.37	382.91	45.13	451.59	734.11	82.60	
708.67	706.30	66.32	684.89	947.33	739.55	156.98	546.72	391.48	425.56	199.11	565.98	132.74	380.09	592.37	64.02	639.77	911.67	94.99	704.02	60.67	938.60	593.44	944.20	187.19	768.81	327.12	231.32	220.39	61.23	312.92	928.06	766.52	378.23	612.95	713.85	117.79	768.93	260.57	508.27	
194.49	458.68	74.25	326.23	837.78	665.62	389.25	477.55	577.28	483.25	181.57	636.96	421.85	774.01	581.16	608.04	542.82	907.28	838.35	762.21	967.50	151.27	690.27	734.03	528.50	303.22	447.88	645.29	72.16	707.46	153.56	265.65	166.14	226.80	590.88	3.92	891.42	979.14	480.47	468.70	
462.38	661.04	105.66	883.23	435.05	685.82	491.27	976.86	593.10	329.62	739.07	560.60	479.89	429.35	294.63	8.39	731.57	741.52	652.67	802.73	448.97	805.23	68.38	614.12	32.03	658.26	617.04	922.45	637.39	97.51	391.16	99.78	757.55	495.82	982.01	192.60	181.64	473.28	169.46	773.74	
801.90	907.54	334.34	281.78	336.89	627.97	289.17	68.46	369.49	940.84	870.19	817.46	746.07	937.56	431.58	777.11	595.82	48.62	699.56	233.21	145.13	90.72	331.99	901.68	585.54	314.00	94.27	766.18	786.28	262.74	539.92	588.18	170.27	873.26	868.96	506.16	501.23	158.13	573.61	869.72	
98.98	443.80	687.18	844.05	381.36	118.76	621.16	976.18	166.38	320.72	209.40	310.50	410.44	540.39	212.18	994.98	853.39	305.45	761.16	639.67	567.19	301.07	227.85	736.46	174.33	96.82	242.62	674.56	253.95	815.23	544.28	351.93	259.03	231.46	195.98	639.40	349.21	816.13	615.58	514.59	
136.85	823.98	824.10	546.29	364.37	36.28	541.27	217.76	340.73	302.42	856.44	906.92	602.50	84.29	643.38	775.83	180.11	885.00	450.38	433.06	700.24	993.66	783.98	958.27	225.11	978.96	597.67	573.33	795.10	213.25	87.92	930.95	37.23	911.02	477.24	400.59	946.30	18.51	617.36	287.03	
319.93	473.79	193.95	921.43	557.08	836.33	697.25	736.19	721.34	147.64	169.24	421.58	141.30	952.23	379.85	365.41	931.19	976.52	937.74	726.28	189.77	25.66	657.23	226.00	935.68	134.47	625.59	881.98	151.98	242.95	169.01	470.91	715.74	361.96	392.34	272.82	198.29	89.60	9.00	918.62	
236.24	177.25	340.20	376.53	129.47	719.05	740.95	60.66	695.57	678.69	785.95	884.33	703.36	443.18	110.33	639.04	576.65	734.92	521.02	727.63	976.86	689.03	198.55	692.60	50.98	589.89	964.42	248.27	678.49	972.42	166.90	913.72	149.67	506.09	290.26	278.14	225.14	31.21	337.80	919.71	
708.90	123.75	804.04	412.25	565.93	913.37	51.29	142.58	648.29	571.31	869.21	625.15	260.34	67.76	317.75	310.32	656.65	282.17	557.59	335.13	254.59	723.49	248.86	403.25	229.58	538.12	680.40	453.73	568.32	18.20	373.43	277.22	140.95	177.47	688.47	705.88	90.84	738.76	847.46	738.13	
310.08	716.67	363.29	569.41	783.43	680.04	878.74	440.08	961.21	436.33	774.21	215.80	159.82	23.07	618.05	388.40	560.19	298.45	841.13	128.51	315.65	214.56	404.73	455.60	391.03	93.21	161.48	480.88	830.97	8.94	219.01	141.05	724.62	581.30	709.46	508.05	261.34	588.20	947.13	222.55	
24.53	721.34	437.34	183.34	743.42	55.40	570.74	303.61	352.84	411.87	431.12	667.49	625.43	834.85	123.09	16.46	927.06	283.57	496.34	758.03	291.51	714.36	898.08	16.12	295.65	607.55	523.17	555.99	195.75	470.30	777.54	219.27	191.64	214.88	401.62	934.06	269.28	971.36	237.67	621.13	
383.23	667.78	288.62	8.66	502.64	410.71	24.13	429.70	693.27	519.47	187.74	983.78	233.82	85.82	998.90	528.48	692.36	522.08	84.47	887.11	991.38	861.01	106.38	183.02	75.90	507.00	117.08	344.18	478.36	353.74	964.30	860.59	21.53	252.92	868.26	523.17	662.63	891.38	951.87	355.90	
410.85	139.60	339.68	643.68	224.42	338.59	172.15	915.79	859.66	255.63	802.90	851.04	116.64	908.28	34.06	191.53	415.28	150.14	534.71	892.64	502.88	499.01	753.23	523.41	750.94	621.49	46.58	413.56	512.87	997.45	768.46	922.73	137.05	108.15	566.40	360.47	445.73	737.56	276.26	305.40	
992.18	79.16	156.44	108.82	986.44	189.49	299.35	401.71	338.63	833.06	294.35	840.51	332.08	47.59	363.92	83.01	668.08	409.50	495.58	180.95	406.95	264.04	103.68	543.00	371.19	669.08	902.47	815.92	406.63	178.73	121.32	398.82	256.89	276.75	506.64	243.33	465.25	804.99	644.04	802.88	
638.05	937.39	643.39	969.13	983.98	7.31	52.15	652.05	415.81	546.72	832.01	821.76	809.76	934.68	364.76	180.95	603.76	267.23	995.87	10.39	444.97	117.19	408.21	700.86	392.95	913.85	943.18	857.19	718.84	587.22	660.07	356.89	524.62	303.46	326.03	508.59	309.78	377.17	160.65	724.59	
922.90	991.65	546.35	732.66	926.34	910.11	912.61	530.09	177.35	908.48	539.49	621.31	25.67	946.70	322.17	417.62	860.55	265.36	274.81	579.39	851.58	933.89	935.28	376.20	237.35	261.31	883.79	546.13	637.48	44.44	270.72	560.38	36.09	816.07	293.04	961.43	726.18	205.65	491.52	902.52	
114.13	31.01	523.84	138.81	976.71	845.01	555.43	837.26	110.37	829.24	416.65	960.95	763.13	351.93	337.15	999.48	612.24	220.94	545.61	249.72	264.38	815.32	809.10	299.47	631.39	102.14	260.90	357.57	306.79	751.42	260.09	419.93	781.44	782.92	557.73	758.15	627.93	113.16	595.41	737.30	
941.40	12.05	698.25	704.53	362.98	35.40	704.01	974.22	255.33	249.62	223.95	518.71	64.94	33.05	817.18	695.33	134.20	78.09	52.90	439.99	828.51	311.98	858.91	609.95	94.91	416.65	368.09	721.84	528.81	962.50	459.14	470.21	973.55	157.39	174.74	336.53	191.79	877.76	310.76	446.12	
127.38	533.70	963.84	191.32	565.75	781.02	885.65	698.95	858.11	937.55	138.94	686.62	249.53	996.85	296.56	343.44	413.50	663.66	65.28	941.31	626.15	523.42	411.52	599.70	679.82	585.26	935.24	870.61	463.02	245.99	316.73	589.40	778.70	280.57	779.72	344.45	61.59	665.37	43.40	918.69	
602.91	181.34	605.31	851.44	178.19	900.87	194.88	590.69	564.53	259.16	532.00	190.68	781.58	942.52	789.38	461.40	527.78	724.62	332.00	989.80	969.61	647.73	579.19	748.31	927.30	358.91	92.76	987.89	24.28	135.16	906.58	626.19	315.50	511.88	477.64	492.69	412.75	671.51	83.38	976.28	
929.67	614.38	166.96	711.25	556.89	955.34	172.65	84.67	679.96	503.66	74.47	649.57	151.39	652.66	397.88	78.69	11.58	489.64	66.58	34.86	623.80	972.15	660.05	938.30	484.04	137.69	430.99	895.79	808.20	513.37	872.07	737.87	127.74	39.02	449.13	683.64	993.37	620.78	767.31	673.33	
124.43	840.77	322.90	274.82	493.44	719.78	352.51	504.01	209.43	418.09	537.87	832.23	390.24	197.92	770.52	873.28	334.60	201.51	769.07	142.81	713.88	641.13	879.68	840.62	679.16	328.80	524.25	672.52	948.58	291.56	345.85	73.01	132.33	667.75	346.83	624.77	387.54	698.34	128.78	595.96	
116.43	665.65	428.19	505.67	862.57	198.71	378.95	197.18	399.22	148.02	338.98	113.10	788.15	218.66	952.72	467.31	546.46	476.97	139.83	495.04	767.53	484.68	567.05	898.87	152.43	912.88	523.64	538.97	611.23	651.42	134.94	726.66	317.07	562.13	232.34	179.65	759.84	610.29	375.82	159.06	
757.30	713.80	271.16	545.45	931.46	223.88	12.76	477.92	699.85	151.59	971.96	467.38	635.27	539.01	366.24	786.70	451.90	888.88	325.68	63.13	540.30	459.61	788.79	856.37	21.74	21.13	36.02	780.58	630.42	410.84	938.64	387.72	124.64	209.80	932.17	56.10	432.67	943.93	533.02	132.52	
95.52	504.99	598.90	729.79	44.00	964.14	516.50	494.90	853.02	841.17	557.03	393.32	300.78	345.82	249.69	321.52	365.95	284.71	102.10	995.36	694.55	40.74	383.08	818.20	249.54	315.25	873.30	681.21	259.19	406.32	812.73	353.71	910.31	411.63	83.50	953.31	375.77	599.00	448.21	228.78	
440.17	5.24	621.10	739.95	350.06	869.80	61.48	715.00	154.51	162.58	710.37	848.06	202.31	93.45	666.26	450.85	407.70	539.56	132.06	665.89	944.88	943.79	19.60	855.19	355.42	102.10	808.50	730.19	700.10	256.71	957.97	140.27	260.95	579.07	879.22	610.01	448.87	939.70	325.01	602.38	
102.27	35.38	450.44	303.59	127.83	116.70	753.44	534.53	655.25	884.50	200.42	600.13	828.30	219.02	455.32	183.72	320.12	263.82	912.91	20.22	519.53	870.88	159.49	779.48	449.95	38.71	389.49	897.82	977.40	713.50	500.19	79.67	747.88	949.63	382.26	874.71	66.32	135.70	409.25	720.58	
20.20	608.67	320.71	847.50	826.70	775.03	31.21	146.82	38.85	943.12	166.04	557.39	814.00	324.53	336.87	263.94	362.24	725.36	161.76	339.64	438.87	660.95	418.31	186.75	610.58	799.57	61.47	675.90	934.27	469.72	396.48	953.47	78.39	716.19	800.96	904.09	491.22	831.18	50.91	529.07	
774.30	215.95	86.46	588.29	539.48	422.33	851.24	900.71	147.70	13.00	240.35	585.57	672.95	657.66	771.32	283.53	457.23	831.79	958.43	391.50	301.51	354.91	344.97	378.89	71.10	145.94	282.98	561.32	976.11	332.89	90.39	750.41	547.83	175.85	338.70	87.31	597.18	189.94	987.02	743.88	
201.94	227.37	329.45	873.88	884.03	100.77	157.41	341.26	931.56	115.84	731.76	233.07	469.75	76.74	610.96	539.85	221.67	892.94	101.16	197.79	225.82	190.55	947.20	772.66	365.40	285.90	858.97	961.59	474.84	845.99	705.47	675.78	73.35	34.92	549.66	956.39	134.69	706.07	297.65	66.25	
820.91	29.41	298.32	290.66	105.15	908.28	829.50	325.82	801.22	929.66	522.61	27.04	120.21	469.81	798.70	484.62	754.71	657.66	446.20	229.55	503.65	151.67	904.33	576.00	185.59	454.00	532.39	319.28	160.07	829.04	384.53	979.97	857.45	681.84	270.63	961.60	590.12	100.13	287.42	391.33	
29.79	809.03	417.37	149.00	278.83	216.07	632.62	33.54	872.73	78.82	262.10	376.38	229.49	166.43	951.38	414.08	619.43	483.77	732.35	778.49	312.81	116.88	758.47	170.26	797.72	29.09	131.85	387.84	128.22	418.27	778.17	157.01	227.30	195.54	305.02	505.14	410.61	936.64	537.68	283.35	
15.46	798.78	658.72	243.95	964.21	610.11	657.03	583.64	93.88	389.38	362.13	405.68	505.26	120.60	574.94	302.98	148.69	705.79	689.82	275.91	124.06	468.00	431.93	350.36	662.54	735.95	854.50	73.15	672.58	392.18	355.50	687.04	190.96	14.22	929.99	155.17	623.33	587.02	737.80	716.21	
975.40	99.93	121.89	480.66	219.53	695.82	782.64	367.22	401.62	472.47	642.13	524.68	939.46	74.06	874.04	602.00	809.01	728.54	674.16	481.59	120.72	29.66	168.64	310.68	42.88	98.63	464.85	665.21	684.65	202.65	381.42	660.05	301.58	502.30	140.71	520.11	198.13	922.35	886.33	598.74	
394.82	528.47	123.42	334.28	601.53	996.46	935.29	410.54	725.01	609.45	891.14	844.73	638.11	59.77	155.41	679.99	157.40	619.25	345.20	841.05	820.90	725.61	501.10	122.49	227.92	640.80	641.60	425.04	563.15	527.93	23.79	956.97	56.40	146.21	291.26	656.93	142.67	226.55	67.47	866.68	
