60
60
60
393     78
 39     19
328    131
279     83
198     19
180     90
 91     18
410    164
197     78
277     27
241     72
416     83
453     90
393    157
396    198
392    156
279    111
324     97
483     48
 66     33
 51     25
415    207
449     44
146     29
143     71
353    105
347    138
125     25
235     47
252    126
338    135
 23      9
170     51
426     42
 46     18
429    171
323    129
422    126
379     37
 22      4
470    141
492    196
345     34
326     97
335     33
306    122
423     84
385    154
263     26
446     89
397    198
 97      9
 44     22
481     48
 75     30
146     29
 79     31
178     71
455     91
205    102
138     46      583
797     23      289
430     70      631
285     31      612
157     26      559
338     42      587
482     28      600
140     33      232
386     91      317
115     80      554
313     85      399
681     31      377
347     90      563
252     17      386
882     78      418
465     90      633
353     13      200
157     51      388
420     30      485
345     79      382
435     37      694
739     82      407
861     17      318
876     67      438
428     46      573
529     94      485
766     58      203
153     79      218
653     70      382
268     36      266
952     53      227
147     78      264
191     82      602
878     46      404
744     16      677
890     65      460
101     88      537
589     14      322
1000     52      238
107     93      655
948     34      422
365     34      684
943     65      331
121     83      284
316     15      369
723     89      295
220     89      217
165     30      616
270     11      229
119     89      502
462     43      545
686     68      222
229     54      455
325     79      663
331     97      460
853    100      574
462     20      694
891     66      210
832     89      338
890     63      375
950.28	236.53	755.53	261.68	596.15	143.67	83.76	560.27	754.45	427.53	992.40	26.72	424.48	808.32	443.02	577.54	13.42	239.93	43.70	78.71	980.55	78.94	256.13	921.27	795.37	713.43	689.45	637.38	174.82	58.95	581.04	125.10	294.48	336.57	385.78	889.63	479.24	468.54	449.90	233.70	895.07	442.30	259.42	319.55	250.61	701.44	896.10	263.03	940.37	938.79	340.74	920.92	17.73	595.87	842.19	812.10	309.30	531.64	449.48	483.12	
589.60	30.52	607.22	883.08	366.09	992.00	772.72	844.33	460.54	222.62	78.03	355.61	663.91	336.45	674.16	913.53	37.89	570.26	176.56	977.26	509.05	516.30	898.18	525.79	112.17	740.37	337.88	420.47	272.01	786.36	902.60	860.61	815.89	509.82	743.69	181.98	501.82	516.41	26.31	961.37	738.03	103.34	316.98	401.94	438.79	990.14	315.47	475.68	560.40	491.02	452.94	69.46	7.33	351.12	594.24	118.50	91.49	931.13	537.97	362.50	
717.49	440.57	223.12	533.38	949.39	965.81	714.36	451.21	482.22	739.67	412.58	220.25	842.01	728.56	621.18	280.80	718.70	935.65	755.48	279.10	426.68	208.42	347.56	433.00	558.53	940.80	550.50	649.02	871.93	88.47	11.53	589.42	528.04	233.64	122.80	477.42	199.45	836.16	927.64	680.67	575.83	340.21	899.91	417.84	68.77	521.10	697.64	786.47	456.75	453.13	65.57	882.43	660.54	412.13	315.43	219.08	352.94	864.93	867.10	224.87	
952.40	877.63	813.29	480.43	111.27	935.09	956.86	309.72	771.25	884.49	989.39	347.08	224.71	889.30	763.92	292.48	410.40	461.56	78.95	866.15	913.69	143.52	748.58	574.23	554.65	64.01	792.31	906.59	927.93	659.41	131.46	880.33	537.04	943.75	360.76	647.31	878.85	317.62	956.02	650.10	202.12	945.41	996.18	425.82	834.71	760.10	717.30	245.11	221.67	795.25	111.27	135.36	937.77	858.85	708.59	492.43	921.85	500.90	399.02	849.79	
160.31	529.48	730.12	696.35	473.23	90.88	343.65	352.08	407.51	299.68	2.18	608.62	245.09	997.36	34.45	79.80	757.46	750.75	323.91	978.13	546.00	434.18	113.48	483.77	293.02	821.07	975.20	214.88	321.97	374.22	64.67	481.28	902.69	793.79	177.63	375.92	883.67	520.28	727.00	291.18	818.96	728.18	898.80	64.04	725.54	932.24	142.84	483.00	682.99	465.75	461.12	228.99	898.93	573.60	711.77	191.96	394.67	686.97	405.83	715.64	
61.18	469.50	196.92	962.88	263.29	373.55	338.80	146.96	892.83	65.80	437.13	711.78	792.98	335.93	774.83	518.52	268.18	916.67	1.52	950.17	382.43	461.64	179.17	281.36	35.24	889.93	472.31	428.91	576.90	877.15	144.55	637.08	346.65	340.47	599.96	608.94	713.02	937.75	754.90	605.84	3.56	192.03	317.63	795.54	526.96	92.46	314.06	794.14	9.13	314.57	744.31	390.55	775.21	922.48	670.91	809.46	812.41	143.22	238.37	389.31	
20.37	381.92	26.39	366.02	721.40	625.34	973.96	434.41	563.10	728.86	40.26	565.66	919.89	356.88	361.19	446.86	448.34	674.25	241.00	456.47	987.82	984.31	846.02	763.03	906.79	516.93	572.49	719.20	659.16	809.86	108.51	678.53	191.78	133.90	44.55	912.18	758.24	18.51	346.59	321.34	746.37	385.85	886.00	666.26	741.73	247.19	113.12	190.08	920.43	353.12	645.55	908.26	337.43	491.57	671.29	244.21	8.50	243.78	962.41	666.66	
53.64	70.92	345.19	244.42	203.81	388.74	156.60	961.05	406.25	502.19	282.39	152.62	887.04	168.39	817.89	628.78	414.58	930.01	817.85	335.01	283.12	463.40	243.27	619.55	953.96	913.55	862.76	961.47	157.33	825.17	628.12	209.97	895.09	972.31	453.39	98.91	361.05	608.99	59.96	766.31	111.18	341.35	917.93	997.22	508.74	735.82	626.00	922.32	665.82	443.85	257.33	947.95	906.24	499.59	567.49	860.21	413.15	430.26	821.67	569.48	
255.43	449.80	778.45	150.52	422.11	231.84	248.43	782.17	839.83	307.39	548.47	950.01	647.74	466.41	947.23	156.48	202.22	573.22	78.80	867.05	17.07	335.13	814.99	922.32	833.72	382.49	782.53	246.87	811.74	604.20	815.35	67.18	54.00	593.80	216.70	475.11	824.63	464.13	257.28	664.46	770.52	804.75	614.47	418.26	271.16	561.69	573.75	472.38	134.92	651.55	339.43	150.99	985.68	154.42	73.31	819.40	535.91	854.83	66.27	347.65	
459.03	880.62	413.83	512.03	474.42	629.53	986.14	299.05	93.66	243.42	962.51	863.18	48.17	576.98	281.44	318.32	138.67	854.19	789.70	272.59	505.74	129.13	422.58	491.43	282.55	494.88	310.83	817.45	349.72	376.10	165.11	807.75	256.72	577.93	319.78	730.14	207.46	305.92	29.20	300.12	548.33	990.71	163.30	595.50	567.69	443.74	912.82	705.36	297.94	702.52	976.95	802.68	830.65	399.53	294.11	113.20	893.41	603.93	929.65	243.13	
979.03	94.76	50.88	235.76	671.69	369.65	964.90	878.15	674.57	993.09	178.27	222.90	983.80	340.57	817.40	551.49	783.32	730.22	256.86	81.25	432.75	233.81	882.93	263.40	632.34	177.04	375.60	525.75	779.97	305.25	767.89	759.01	399.01	817.76	993.76	70.70	187.42	958.66	947.86	860.99	951.76	126.13	83.89	935.56	465.70	900.29	487.05	249.02	630.51	742.91	329.27	63.26	975.72	212.20	325.66	608.06	388.24	700.26	133.81	168.22	
5.51	900.70	926.23	403.52	718.46	919.99	473.22	904.88	878.66	421.08	765.86	830.41	546.21	848.75	765.97	11.91	749.04	253.02	259.93	379.55	994.93	588.20	441.81	970.65	799.41	766.47	578.71	187.65	466.73	711.52	354.87	471.24	612.22	281.10	873.76	330.69	201.09	346.98	235.57	79.75	767.06	1.43	909.16	313.27	849.18	675.12	324.18	598.22	927.15	583.11	976.77	922.08	171.31	418.59	892.73	969.72	185.06	471.44	157.37	650.79	
182.96	511.24	122.03	794.19	791.34	994.78	124.88	991.43	341.76	359.44	71.18	108.81	359.87	979.33	421.08	209.05	654.46	744.26	806.27	581.60	327.37	783.04	503.68	497.68	201.63	396.41	467.40	385.69	866.85	623.77	36.48	49.81	135.01	157.50	843.00	925.35	152.28	966.87	916.78	493.04	326.31	986.96	600.86	685.18	966.29	21.93	893.23	620.75	765.19	699.50	202.35	92.56	482.55	705.03	589.25	683.18	101.44	56.65	68.86	967.29	
679.42	104.34	17.10	813.43	260.84	859.10	738.79	412.13	825.97	655.57	904.17	152.29	642.53	505.02	836.47	608.82	525.96	729.70	229.57	291.15	429.21	430.92	382.71	910.75	135.95	970.96	593.93	236.39	27.61	661.79	203.68	706.03	765.14	219.78	519.46	25.98	78.88	258.25	437.11	903.85	912.82	341.28	56.13	555.35	845.30	891.60	164.17	371.26	621.31	392.74	661.41	50.52	822.66	44.13	960.27	957.61	15.09	554.20	194.01	41.69	
215.99	396.69	746.72	980.13	615.47	266.18	6.11	693.34	523.43	442.22	597.19	436.25	782.49	652.32	990.60	627.80	543.92	154.77	998.05	165.23	546.51	659.47	214.75	369.17	702.59	175.02	326.79	716.68	728.21	519.80	757.37	943.21	915.48	504.09	923.34	530.95	769.27	928.45	224.29	292.71	370.67	820.48	727.96	153.16	472.80	718.56	779.96	16.72	872.33	778.01	180.95	418.85	437.47	394.70	787.02	140.07	568.71	113.81	855.74	296.93	
632.61	613.12	240.13	548.09	117.21	163.47	79.04	885.48	91.92	302.33	178.19	461.58	122.80	905.15	613.75	594.60	623.71	393.70	610.32	496.04	171.71	790.27	913.89	608.18	184.97	700.91	747.25	752.68	813.72	603.00	49.61	446.32	216.11	288.74	993.41	332.32	451.22	72.45	217.80	542.14	373.77	394.99	3.72	495.58	300.13	616.47	90.18	922.84	10.17	699.50	418.88	180.88	489.77	332.77	788.06	673.74	33.68	535.31	426.42	846.39	
138.31	475.03	292.71	353.42	762.77	286.13	684.73	213.99	357.57	901.53	755.13	730.35	296.52	757.85	225.92	595.65	374.31	315.10	518.50	383.48	14.60	936.38	563.36	503.37	269.15	351.42	177.10	301.83	885.73	602.52	148.22	24.04	77.55	439.94	376.45	839.32	725.06	61.19	53.31	82.63	961.72	807.44	811.98	258.24	565.29	37.91	852.90	938.60	352.01	371.39	322.08	365.61	307.77	884.44	867.97	575.93	235.86	45.07	876.75	121.59	
646.59	24.97	144.63	723.14	463.91	520.08	562.47	188.97	580.27	614.78	270.61	541.99	422.22	82.59	799.23	986.51	119.50	652.13	925.11	470.50	23.52	247.20	835.11	330.30	131.64	703.08	905.22	366.49	747.15	781.97	487.08	393.75	805.95	630.71	116.89	269.86	150.79	678.36	457.83	730.06	293.14	727.44	272.04	714.37	809.03	71.28	700.88	927.52	722.40	625.99	398.03	744.93	872.18	233.13	75.22	3.82	935.22	979.44	369.31	682.37	
761.42	855.40	76.12	567.37	486.10	192.01	836.23	635.89	869.38	294.06	365.95	162.52	21.50	636.99	875.88	829.52	707.27	576.76	757.04	429.67	202.75	155.07	174.60	74.93	387.20	248.82	77.75	322.42	228.26	446.07	4.79	988.68	301.46	79.91	556.05	786.57	270.92	392.27	422.46	140.30	685.33	787.40	301.82	705.83	424.39	177.70	535.35	131.66	753.46	292.39	560.33	955.21	446.46	733.93	30.14	832.67	981.74	106.89	155.08	210.01	
551.96	158.87	198.69	852.42	237.78	753.73	638.98	507.70	146.01	61.44	647.00	830.34	847.84	947.82	536.17	272.23	125.52	71.51	402.89	877.98	362.91	962.22	833.19	808.37	696.15	862.33	641.03	677.89	968.22	795.12	886.90	520.18	952.99	85.58	372.60	190.77	838.31	11.58	697.48	983.32	72.02	344.48	813.66	918.86	292.30	349.82	191.10	416.82	420.34	592.99	294.80	782.25	555.21	127.99	590.62	251.36	989.32	231.65	928.25	957.54	
26.77	815.15	477.72	978.76	899.73	849.32	169.53	738.04	859.90	866.01	721.36	930.92	210.49	535.02	849.79	501.79	883.85	40.88	917.60	304.19	632.87	212.40	86.43	188.08	339.39	676.05	438.44	328.71	906.70	366.69	286.25	932.47	181.84	762.97	911.23	81.57	612.28	80.77	818.61	472.19	945.78	539.97	403.11	156.27	75.00	252.89	657.05	957.84	292.78	574.66	262.03	924.65	786.06	347.46	112.73	125.44	23.51	550.17	453.15	929.21	
915.86	738.40	861.68	97.70	501.36	772.91	178.26	113.65	852.68	995.87	584.83	798.46	535.85	986.94	953.72	609.84	239.83	610.78	567.68	531.61	185.43	828.71	456.26	970.49	176.17	567.98	95.93	198.68	118.15	548.08	127.89	34.02	286.48	988.58	130.71	786.84	761.49	307.98	899.49	614.17	303.85	484.32	412.63	838.70	471.26	366.35	448.54	710.09	976.13	16.22	241.70	161.56	843.93	696.96	132.05	20.10	264.94	226.98	217.79	382.10	
774.06	344.68	415.11	60.54	333.26	544.83	846.37	94.75	851.81	745.86	707.92	155.66	230.18	120.55	993.35	700.44	485.90	441.89	410.53	462.03	457.11	651.23	622.59	301.05	348.19	753.64	320.15	612.13	979.62	536.94	993.22	753.67	880.62	408.33	813.21	213.88	952.16	659.58	307.63	803.96	405.45	15.55	958.62	634.62	135.10	951.98	335.06	620.01	393.87	744.59	82.04	849.98	395.82	703.63	151.03	743.00	457.27	470.18	355.13	436.89	
7.12	348.35	190.56	886.74	755.69	3.77	100.61	707.84	662.35	407.24	511.81	67.80	421.79	470.43	701.42	555.90	422.41	36.49	175.91	815.28	780.08	256.95	665.26	175.90	959.58	815.29	917.90	416.85	285.47	273.03	852.73	291.58	620.38	43.29	178.32	376.07	46.06	277.93	83.91	707.42	684.17	594.72	774.22	105.97	65.15	475.64	660.86	486.56	511.13	835.77	301.84	291.20	92.72	966.10	466.10	52.29	781.38	384.00	468.14	66.85	
656.03	320.88	357.43	276.41	363.17	534.75	651.48	408.24	811.68	734.39	115.65	495.85	329.12	888.87	600.82	393.27	364.52	261.68	878.83	874.64	97.45	180.67	165.85	189.17	146.77	630.94	240.46	927.15	14.94	707.61	993.00	669.97	28.48	350.44	945.38	390.65	884.18	596.86	797.89	695.86	331.26	912.54	191.71	659.38	801.42	791.52	52.65	165.93	53.21	930.48	40.58	149.66	111.16	205.42	337.83	256.93	835.36	577.29	184.08	849.31	
284.89	177.09	519.28	312.38	526.52	464.66	702.03	410.71	61.52	499.92	106.56	391.78	412.47	297.27	51.16	213.88	88.80	102.81	378.82	141.00	33.29	418.39	289.66	143.45	622.81	626.49	399.38	458.18	203.77	582.46	307.49	487.67	758.55	825.76	799.05	285.07	290.42	501.08	694.78	350.95	1.00	800.34	741.73	412.47	97.62	791.89	625.35	185.41	893.70	4.17	325.42	925.99	421.56	614.08	69.44	44.38	240.56	467.82	501.56	443.34	
50.28	808.04	930.01	807.83	633.81	729.05	92.90	923.23	230.13	786.68	274.17	230.14	587.03	15.90	641.61	683.64	806.79	266.96	868.06	700.48	270.13	193.47	626.47	690.70	806.55	694.91	734.07	47.11	162.73	235.63	489.44	212.01	43.67	419.45	19.84	676.48	148.50	111.74	599.71	377.64	897.42	872.88	606.77	484.45	887.78	248.38	168.09	694.57	514.33	36.15	395.05	783.47	228.62	21.53	474.16	35.17	715.44	208.23	81.27	877.17	
442.87	569.72	89.17	485.54	988.17	108.01	162.02	136.67	218.75	760.72	513.31	116.18	633.60	120.08	599.63	521.38	367.45	766.72	215.95	880.79	801.87	610.01	664.25	30.49	630.53	138.41	64.65	345.97	345.65	144.93	223.14	787.51	713.65	311.31	273.05	701.82	418.32	434.07	837.49	636.07	194.79	350.79	751.25	827.39	469.87	350.87	348.77	836.32	117.59	563.72	717.10	918.46	173.73	381.36	947.95	803.26	518.77	12.60	149.23	863.42	
156.53	371.36	650.93	869.18	681.67	922.98	571.00	99.99	357.05	408.48	735.06	550.83	758.27	486.31	378.22	228.14	836.18	725.99	64.46	952.77	289.71	780.56	871.23	462.44	161.92	819.18	265.69	679.69	830.78	413.92	543.11	986.31	784.29	194.04	855.49	465.96	117.02	426.49	564.95	473.07	833.97	300.02	23.90	592.24	785.32	401.12	819.38	621.50	127.11	882.84	574.27	415.82	663.41	445.50	877.26	824.33	264.68	142.96	504.02	95.46	
555.88	47.12	81.77	340.17	240.16	936.27	805.13	356.18	362.75	370.09	828.25	196.72	669.10	851.15	787.97	454.43	252.27	607.35	75.93	378.39	490.19	649.21	793.21	153.60	94.71	670.47	976.93	358.39	812.43	480.94	452.86	368.31	527.07	533.63	707.48	766.23	469.90	512.61	122.41	831.65	881.70	949.66	28.38	550.80	800.81	815.35	5.23	53.08	422.70	80.16	430.47	911.89	728.37	223.68	65.49	822.08	893.15	42.42	180.47	705.58	
522.37	632.33	73.89	49.44	165.97	780.37	814.66	634.86	292.98	936.07	466.52	174.67	885.73	493.90	724.47	686.54	309.24	728.70	738.61	730.94	807.86	169.08	642.83	536.23	391.76	707.32	358.31	284.91	748.75	537.79	989.49	271.11	170.12	63.38	319.55	335.08	842.75	134.21	968.95	135.72	70.29	435.47	309.40	955.02	928.36	33.87	641.56	237.60	761.58	380.17	967.54	569.44	548.25	610.37	105.67	939.01	317.70	462.98	223.92	66.44	
999.77	213.40	336.56	169.88	275.78	655.11	503.97	118.53	788.32	472.91	253.25	857.61	907.38	561.65	812.63	835.74	594.52	454.18	73.35	356.10	833.35	40.89	924.54	381.60	650.26	30.21	320.61	966.96	492.19	543.53	33.40	491.96	755.93	368.96	660.84	31.71	24.06	164.81	149.24	811.38	636.72	401.49	668.99	544.10	962.13	481.62	379.84	556.66	934.80	452.19	911.75	768.15	492.08	836.29	149.76	142.34	865.50	469.37	109.30	357.69	
12.90	141.70	848.65	767.83	509.66	509.49	798.54	532.72	673.29	946.78	344.10	310.02	348.27	13.10	853.12	310.40	493.71	232.96	866.06	428.52	684.15	777.81	196.67	176.22	614.10	345.43	317.56	479.60	813.80	425.86	836.29	825.70	566.55	684.94	593.53	76.21	194.42	392.07	607.93	866.72	338.85	951.03	176.73	686.11	963.13	29.85	995.52	456.84	261.81	861.57	884.36	944.96	639.38	81.03	121.18	253.48	425.46	437.74	732.09	239.25	
862.60	568.38	64.95	429.15	253.31	657.48	504.36	446.74	49.55	112.29	313.45	387.39	63.32	489.19	73.51	26.45	518.04	69.02	482.29	778.84	929.60	366.65	723.80	568.98	446.68	843.98	821.46	871.14	281.72	553.55	110.39	144.32	121.92	174.34	572.47	374.24	830.82	76.83	819.97	879.37	188.12	133.43	266.76	250.44	621.61	339.27	275.89	139.65	407.30	757.18	917.49	336.89	123.84	641.29	904.87	569.52	485.28	726.34	440.65	766.00	
279.88	550.05	909.32	400.81	723.39	481.79	774.05	554.21	557.61	594.02	433.58	744.73	726.44	699.35	994.17	348.06	38.62	270.06	486.70	444.92	27.24	404.19	780.81	150.08	45.49	685.68	718.59	529.76	412.02	159.25	295.76	690.91	708.30	205.08	91.71	431.69	685.86	864.76	984.90	243.48	458.78	418.48	987.21	185.22	117.83	981.38	532.28	155.45	251.44	18.98	599.36	277.68	422.18	380.17	426.75	466.66	65.86	145.35	995.43	476.88	
303.60	291.19	167.78	11.89	495.26	258.50	442.58	181.13	123.26	427.48	423.61	581.04	844.96	410.82	765.26	961.79	392.20	297.54	117.23	642.63	315.53	715.60	919.31	736.70	95.77	346.07	203.37	160.63	490.41	198.79	636.51	793.01	488.98	803.29	803.90	983.24	61.79	246.48	164.37	184.05	672.96	586.98	764.09	517.92	996.80	529.35	479.71	389.00	825.90	595.94	31.63	141.43	311.54	949.94	877.13	406.32	296.01	80.49	565.95	785.42	
278.29	202.46	578.43	766.26	5.75	382.34	749.50	66.54	627.82	912.87	249.59	300.78	499.85	13.68	817.70	496.65	542.04	297.41	884.65	367.94	892.36	915.28	508.36	203.90	865.22	385.49	609.21	161.23	464.98	175.16	945.65	742.27	376.62	524.08	508.53	381.37	905.41	258.04	446.91	533.23	170.91	695.50	833.01	669.76	708.18	650.71	166.42	250.22	947.12	51.06	617.16	839.48	965.34	125.52	43.38	830.56	510.01	651.59	990.78	973.99	
825.75	936.43	716.26	202.37	460.50	224.79	582.74	365.92	481.83	29.65	898.15	651.74	724.15	731.16	321.51	432.33	381.87	486.92	681.55	328.99	536.98	298.71	168.47	502.32	423.23	210.85	332.88	932.23	861.44	323.66	906.23	687.19	260.08	622.49	888.56	719.59	846.28	471.30	85.51	328.12	499.94	982.65	978.86	224.09	713.81	300.37	655.42	95.68	786.29	336.97	423.68	323.27	634.68	591.15	824.60	57.90	801.00	157.47	989.14	662.44	
480.13	895.37	349.64	739.22	517.86	238.20	458.80	364.14	708.50	543.31	691.26	208.44	525.96	670.12	431.53	239.78	969.48	86.95	334.46	755.77	422.93	757.14	79.04	57.60	348.29	902.64	114.51	149.30	60.11	103.65	810.74	539.24	998.01	160.38	278.46	515.87	397.58	736.26	879.01	106.08	279.57	570.26	313.52	804.54	240.38	744.05	44.31	209.86	830.00	377.77	964.63	252.93	134.91	43.67	309.53	482.21	945.31	423.04	630.50	5.42	
525.69	441.24	543.67	523.70	600.62	821.12	39.56	997.20	557.39	917.57	103.27	835.96	487.84	415.79	640.50	727.22	159.84	683.81	936.08	988.85	61.58	900.71	241.78	195.50	943.38	550.31	676.70	888.69	972.35	307.20	893.12	498.04	747.45	436.78	21.74	348.07	257.91	60.30	345.27	814.29	976.87	447.54	650.25	464.71	862.33	290.75	191.92	22.17	973.56	128.00	11.02	35.14	28.71	251.80	229.64	971.09	801.11	905.34	859.78	773.47	
212.54	752.90	271.51	958.99	189.68	292.24	307.06	446.58	351.54	651.32	260.88	328.42	98.86	910.13	792.13	960.20	200.88	983.05	981.37	174.44	111.05	991.39	208.58	138.76	243.19	437.21	109.84	44.30	342.55	968.62	816.77	554.09	721.52	88.28	513.08	910.20	379.52	819.14	356.78	730.06	470.46	616.66	58.48	568.32	526.79	849.61	528.52	726.67	832.66	509.89	900.11	942.71	501.28	108.69	81.47	743.47	544.90	190.31	786.78	886.45	
158.93	603.55	440.54	879.45	690.82	952.62	789.65	70.34	771.76	146.43	799.40	242.22	762.09	856.88	809.54	288.89	706.49	338.05	15.56	539.15	846.94	914.67	481.86	348.22	23.35	562.32	91.70	567.25	751.63	877.48	453.70	909.57	481.03	893.24	789.02	171.85	845.87	578.67	241.19	617.62	724.10	40.60	858.84	486.20	896.48	668.38	774.08	602.97	6.43	788.64	142.12	852.37	703.31	622.98	200.59	725.66	185.30	291.29	292.91	935.94	
168.77	745.61	845.50	648.80	638.86	634.52	819.64	484.72	213.19	60.84	102.35	936.29	100.43	960.19	422.49	995.91	628.56	196.58	598.89	633.99	984.22	740.01	486.37	687.52	362.99	685.96	413.18	547.29	976.25	705.09	483.23	145.02	450.70	328.73	792.82	89.56	962.25	612.46	573.28	175.44	672.30	674.63	111.73	771.73	634.82	533.23	767.64	263.38	728.80	366.53	896.38	713.02	106.54	382.74	400.54	468.52	68.70	812.72	15.82	44.95	
517.81	498.04	188.98	967.52	825.77	980.79	57.07	788.02	593.25	629.36	962.46	265.55	303.99	74.19	37.28	937.81	606.42	803.92	201.19	335.22	170.45	97.56	48.24	275.99	479.30	447.79	743.51	547.00	260.51	758.33	590.96	777.32	256.37	778.93	744.84	82.14	759.73	800.91	869.16	352.98	430.27	831.61	617.53	733.26	904.81	653.82	671.06	511.23	457.74	871.25	845.45	627.19	967.81	892.69	902.18	447.12	340.48	645.69	993.12	599.99	
404.02	584.08	377.31	659.39	363.01	122.15	740.52	122.74	922.06	609.68	474.72	352.33	441.30	92.26	85.59	346.10	745.07	755.65	856.33	202.81	626.90	701.78	829.00	594.71	594.47	731.18	41.83	933.95	376.87	34.95	533.94	779.89	618.03	910.25	439.28	980.04	32.40	179.80	102.78	953.46	788.48	576.50	305.79	229.78	667.76	390.37	574.88	412.83	146.02	431.21	614.64	771.92	132.99	443.64	366.63	726.47	174.83	407.46	660.42	550.70	
441.41	194.36	330.59	59.44	104.61	768.86	39.48	136.01	947.67	141.26	89.46	736.15	716.76	394.25	964.93	384.52	783.62	539.81	796.35	928.64	970.02	410.99	700.56	103.02	853.63	67.19	828.48	28.46	473.65	488.91	578.16	914.06	682.27	907.75	972.50	785.88	676.61	11.98	920.88	624.28	152.25	10.34	360.43	868.01	403.59	325.35	252.53	187.21	864.16	48.88	115.85	834.18	458.87	815.41	936.20	312.51	881.60	764.68	339.97	355.25	
253.59	917.13	269.32	934.86	824.87	241.82	720.73	501.49	252.81	641.62	125.76	404.05	650.96	485.19	272.06	54.55	809.54	523.59	240.76	673.70	571.48	355.61	507.89	30.35	171.02	444.08	341.86	52.62	208.76	680.83	406.87	461.35	597.95	675.19	396.21	422.83	916.01	116.94	923.31	168.82	757.56	49.08	571.87	408.52	533.27	842.93	462.07	342.81	366.52	701.83	16.52	937.00	57.44	523.40	966.35	227.46	966.48	308.21	279.08	175.25	
988.03	684.95	635.60	585.99	360.13	31.81	8.81	276.14	147.75	931.13	443.96	904.31	979.21	15.83	312.83	512.48	857.76	773.90	854.29	224.29	475.73	869.80	161.29	532.18	393.21	127.63	758.64	359.69	434.84	37.71	533.94	422.87	721.66	169.54	8.86	81.80	200.35	16.67	356.94	347.10	946.80	799.90	251.41	926.01	814.73	563.24	438.49	672.49	337.14	292.78	895.78	811.87	162.58	57.07	344.05	554.79	183.70	102.69	913.48	617.54	
139.40	447.42	40.41	860.06	615.96	48.27	940.86	815.31	63.95	297.80	162.41	10.75	97.70	412.82	935.76	911.43	975.05	374.25	583.93	312.19	666.03	479.71	124.06	827.61	535.77	467.11	382.40	718.47	568.80	295.88	336.01	707.20	742.30	375.43	567.26	358.26	422.70	508.12	173.57	485.65	804.92	334.97	495.40	901.62	746.79	431.16	813.06	721.84	804.42	396.99	34.03	470.44	875.69	157.09	298.06	411.47	623.20	679.46	129.94	192.00	
974.34	464.96	898.20	716.63	839.38	465.46	74.89	262.08	972.58	247.46	746.73	777.50	581.43	242.13	679.13	328.22	672.29	492.18	50.07	476.71	888.17	83.10	946.15	763.86	239.19	244.21	175.33	861.40	922.67	304.28	53.40	897.00	768.23	950.59	613.64	607.61	416.06	687.53	868.70	388.64	933.98	615.43	166.14	515.42	856.56	844.27	842.64	528.85	336.45	891.70	5.56	224.62	973.80	950.72	987.48	213.00	194.93	162.82	74.39	117.60	
466.09	126.79	14.60	234.32	77.38	627.24	840.94	492.44	314.76	709.64	880.07	248.75	325.07	46.21	763.16	181.63	889.48	605.80	709.48	225.93	497.51	714.04	449.55	471.31	664.76	437.03	683.31	858.69	598.85	756.70	975.28	64.94	882.49	988.88	298.27	958.87	616.12	139.21	451.30	929.89	847.85	331.38	178.64	172.91	376.59	940.80	353.54	266.07	546.60	63.02	491.00	44.11	776.06	939.55	514.42	440.82	376.58	197.73	299.51	974.44	
953.43	274.80	39.38	835.91	263.68	336.65	794.78	878.80	474.85	246.08	808.69	322.70	576.46	986.33	494.61	952.05	927.13	847.15	218.12	473.73	909.17	708.12	516.84	685.23	647.67	31.26	126.06	24.26	227.99	424.57	997.69	181.42	698.37	37.07	17.33	961.05	372.72	811.11	839.86	846.57	57.19	648.55	169.27	632.65	634.88	662.88	584.70	562.00	510.03	801.82	35.73	419.20	509.94	551.58	104.44	157.62	581.84	229.49	180.88	808.83	
653.06	178.57	989.25	351.44	214.64	6.58	312.49	586.36	816.70	152.35	432.94	872.89	799.90	601.21	505.54	434.77	264.09	90.24	995.78	773.13	891.06	31.51	192.33	401.00	582.09	295.77	557.62	163.93	524.26	737.49	971.76	177.32	915.06	961.01	527.76	129.70	966.59	839.25	715.07	783.29	990.59	148.00	656.18	790.49	748.21	161.72	225.26	12.30	250.95	221.04	784.43	142.01	251.55	975.76	542.01	832.64	271.53	99.63	995.56	794.78	
836.12	967.32	971.11	751.18	928.33	498.87	879.88	894.92	338.11	594.95	678.21	328.71	741.95	334.39	119.20	490.16	495.10	343.46	501.46	745.06	563.50	285.89	886.07	814.05	261.65	428.08	646.68	532.18	526.71	642.25	326.96	362.83	609.56	298.07	114.00	537.89	795.94	992.89	432.81	134.05	587.83	111.02	461.76	329.78	444.41	579.96	818.94	938.51	922.42	320.40	683.57	485.92	605.29	569.64	299.96	865.95	996.73	945.65	398.12	523.44	
587.89	724.09	885.26	197.46	22.16	998.27	734.35	817.09	991.15	167.16	950.14	578.99	277.19	411.90	907.77	720.60	990.86	726.71	659.11	913.28	47.11	342.68	399.20	651.40	911.33	698.16	517.35	908.05	643.81	914.47	431.49	231.70	638.56	316.75	428.16	659.72	315.02	162.52	476.81	306.17	328.68	426.95	884.16	604.87	837.85	791.92	325.46	828.72	518.63	983.57	742.00	564.74	326.25	141.19	216.14	237.58	838.35	732.49	145.63	482.16	
646.96	576.12	712.87	285.52	891.87	141.03	944.24	206.89	302.55	421.05	512.06	630.23	847.00	396.21	235.09	684.85	188.13	559.56	513.57	705.76	543.13	255.56	270.50	868.38	395.75	485.64	105.96	234.11	218.13	250.59	715.27	864.09	825.72	428.14	149.62	717.59	568.17	93.86	923.47	869.71	513.90	435.53	499.94	360.90	830.74	734.04	45.75	18.88	293.59	558.32	723.64	835.72	812.88	993.14	704.10	208.63	478.78	809.07	441.74	695.91	
59.66	157.01	560.00	884.38	584.14	708.62	601.96	152.31	801.48	525.44	22.03	315.38	959.97	520.97	675.28	790.71	255.00	720.03	808.58	547.60	278.35	532.22	383.32	91.23	525.36	87.42	298.87	4.14	895.49	739.61	699.05	954.15	895.61	259.05	838.53	479.76	966.67	440.49	631.07	768.15	964.92	652.09	83.53	924.89	173.06	757.81	715.60	427.07	477.84	524.18	973.66	755.19	56.40	356.98	845.42	580.77	443.41	144.29	583.91	338.90	
882.89	282.96	293.05	778.51	541.01	131.58	258.26	507.68	571.06	888.33	275.83	535.99	540.42	358.36	460.88	712.49	116.17	176.47	139.55	593.01	699.65	113.22	348.20	755.06	469.20	193.62	335.83	911.61	336.91	918.73	250.51	219.80	201.69	542.56	997.30	741.70	673.13	255.57	249.38	244.20	143.90	524.20	779.18	683.32	881.56	240.06	395.81	996.73	415.53	534.36	589.74	115.19	646.58	936.94	869.24	115.78	130.56	205.07	27.39	466.46	
123.80	276.90	685.26	324.49	818.46	682.57	66.19	491.59	937.13	314.56	734.79	81.03	837.77	513.97	763.36	719.33	753.03	159.17	716.06	168.56	692.53	305.80	282.74	339.11	242.73	151.99	453.89	372.29	356.06	480.28	837.75	478.86	756.18	523.01	802.35	574.64	205.57	867.54	66.23	142.71	182.10	800.01	222.74	19.86	313.98	985.10	738.19	67.01	144.26	454.25	234.57	835.79	759.05	516.31	174.90	1.78	667.30	627.79	373.07	23.36	
108.07	210.82	501.22	863.25	732.83	303.56	437.89	937.40	171.10	503.11	80.11	352.20	303.13	301.85	371.06	616.11	286.95	109.26	682.11	430.21	562.51	915.68	266.01	321.56	431.99	439.91	322.34	99.29	67.70	694.41	121.64	174.77	904.23	621.86	38.02	637.06	924.42	474.91	574.46	95.52	977.02	653.58	446.72	280.15	954.43	816.78	895.25	241.38	925.04	577.36	670.59	487.55	493.04	935.59	808.11	924.03	375.50	130.46	23.32	442.20	
