60
60
30
296    118
326     97
 19      3
132     52
204     20
173     69
130     52
 26      7
371    111
207     62
237     71
109     10
355     71
141     28
387     77
196     78
296     59
160     48
167     16
286     28
329     32
249     99
417     83
486    194
319    127
292     87
196     39
230     69
311    124
264     79
468    187
 90     18
 76     22
174     17
234     46
199     99
226     22
117     58
415     41
141     28
496    248
491    245
 36     10
337    168
186     37
245    122
261     52
 22      2
170     68
271    108
348    104
 62      6
225    112
419     83
473    189
 84     33
 88     44
265    132
390    156
162     16
295     97      431
196     23      246
122     89      421
926     75      637
765     70      414
460     67      543
754     73      287
953     39      464
707     47      674
784     82      348
339     57      633
369     29      627
642     19      375
827     89      572
798     26      432
616     96      511
222     32      555
856     38      421
158     23      487
531     98      243
261     64      398
406     45      355
892     74      627
816     46      313
258     42      226
250     91      276
581     53      664
541     63      252
496     95      454
791     28      465
948     18      212
583     87      685
107     86      257
908     67      680
516     44      367
285    100      472
923     28      522
591     89      455
850     72      235
708     66      242
600     15      349
495     18      414
673     29      669
600     20      524
600     40      532
660     51      647
389     68      582
915     95      633
878     68      367
758     33      615
557     79      677
663     64      311
832     83      516
886     14      349
550     93      424
679     37      542
451     43      425
527     19      635
407     34      340
786     55      425
450.23	65.59	817.54	814.80	827.66	273.62	496.32	570.79	952.20	703.48	201.20	744.27	458.31	762.21	6.60	948.74	310.41	41.17	413.58	685.74	211.24	820.13	766.64	176.28	349.76	755.55	940.45	730.03	259.00	529.70	813.85	708.23	594.29	631.39	523.03	421.94	904.01	19.36	991.73	856.22	721.84	192.93	600.49	180.15	954.14	606.09	128.89	264.55	646.25	541.47	949.29	856.49	361.61	715.93	32.77	710.37	471.48	972.22	440.40	729.48	
501.92	254.25	437.71	96.20	884.64	959.74	517.14	788.66	978.10	508.88	644.87	699.94	700.81	245.36	879.09	654.95	850.45	7.98	918.50	496.70	548.45	867.80	353.19	909.06	583.73	384.96	619.42	55.21	357.18	59.82	783.69	858.10	313.07	221.40	953.30	197.71	181.15	470.45	985.37	159.25	978.32	630.24	858.19	679.14	874.60	737.27	334.09	725.05	744.25	252.59	221.75	292.70	120.39	573.94	201.76	703.12	957.90	820.18	757.33	315.08	
879.00	541.03	173.18	192.07	761.43	126.48	388.78	941.58	595.93	374.15	100.83	574.26	4.40	958.01	253.39	878.00	695.29	586.48	603.05	439.54	838.08	823.79	731.24	957.47	397.73	931.99	660.59	355.63	752.17	417.92	669.71	631.17	957.95	841.90	822.24	719.38	967.38	211.02	660.95	563.31	584.17	760.78	137.57	587.57	718.79	389.96	465.57	414.08	975.44	68.62	852.62	813.52	891.41	583.85	770.99	289.15	515.85	431.57	643.78	268.02	
848.50	313.49	898.18	806.44	155.39	720.42	525.82	122.77	930.44	186.77	685.09	514.62	946.55	821.66	102.19	665.34	211.62	566.76	79.42	187.06	634.38	931.04	999.58	525.79	514.89	770.56	813.94	30.74	202.14	457.72	297.75	50.63	770.21	195.93	856.08	924.60	915.36	381.90	47.37	845.80	567.67	731.46	360.41	514.22	553.11	461.60	179.57	763.73	28.36	257.99	949.79	661.73	189.03	949.37	187.53	702.92	719.93	1.47	732.65	921.06	
458.18	30.40	970.70	228.39	225.34	826.77	152.99	140.69	208.67	199.36	985.49	775.34	929.82	345.90	289.57	482.94	806.50	468.14	246.67	833.86	725.13	196.46	495.59	913.16	145.82	682.12	616.07	864.75	682.58	348.73	785.81	140.77	378.13	756.51	368.16	602.47	583.29	520.15	742.16	790.96	718.51	727.65	566.30	648.33	73.56	854.87	131.27	879.06	323.01	376.94	712.92	48.14	572.40	208.51	960.29	717.22	889.63	576.37	581.98	572.21	
924.09	367.79	711.98	302.22	124.30	80.13	903.69	706.59	599.28	645.86	497.54	317.79	373.51	63.85	965.12	446.07	917.72	96.40	325.13	240.72	472.34	38.04	287.86	44.74	245.55	248.15	760.96	135.18	823.52	342.94	706.39	747.61	709.73	418.36	49.83	833.03	497.50	952.52	539.62	96.77	598.38	37.16	413.56	970.89	100.01	378.69	416.96	17.72	474.08	741.09	257.44	945.42	778.13	544.30	989.16	23.68	791.45	750.12	157.85	614.97	
93.06	863.24	362.58	801.79	281.60	411.41	634.82	778.10	363.93	174.44	873.87	961.31	210.60	287.44	932.21	309.60	665.13	349.17	326.32	139.21	90.26	582.77	84.63	867.38	127.07	73.79	890.06	917.53	822.92	47.92	532.50	914.98	910.16	894.07	716.77	191.76	305.48	351.58	968.86	668.42	525.02	842.74	629.73	734.62	130.17	561.94	44.22	794.30	910.11	369.54	932.51	999.36	951.31	17.14	866.75	78.39	89.94	756.81	994.91	911.85	
803.73	527.41	826.83	713.89	421.48	543.60	904.65	725.97	894.18	873.51	394.38	419.20	716.25	24.12	153.82	845.42	585.05	197.03	639.72	495.16	565.58	572.23	494.52	516.89	588.38	361.27	594.28	677.32	118.08	589.19	589.17	920.80	116.60	416.00	634.69	537.08	958.60	539.34	263.05	852.78	412.85	656.43	271.97	129.10	679.55	424.79	973.52	264.60	620.83	613.24	758.76	186.40	185.48	253.28	702.30	772.86	613.55	296.57	450.17	730.63	
884.76	39.34	651.43	1.36	454.34	286.12	537.44	412.94	824.45	799.49	265.71	237.30	455.93	536.69	365.40	135.48	960.48	338.92	399.08	581.30	951.17	157.84	766.71	136.64	410.12	469.00	908.50	23.67	764.58	358.67	753.30	649.34	397.02	404.73	649.70	850.36	689.84	187.15	263.30	514.30	985.64	528.01	750.60	441.57	64.70	116.00	576.04	25.18	453.93	974.12	605.48	405.09	131.96	372.19	540.74	541.09	840.20	449.24	563.76	604.77	
806.91	317.06	254.11	203.93	720.79	902.81	54.29	410.63	89.96	316.59	923.93	75.60	843.60	674.53	516.17	907.31	789.53	92.21	931.49	243.46	66.33	536.97	647.55	197.30	908.16	188.29	737.39	748.36	636.53	301.15	353.14	443.44	617.21	606.25	646.38	338.00	509.06	699.67	747.63	598.02	16.26	671.56	672.62	858.86	346.09	188.79	766.17	135.62	280.00	697.65	378.08	345.33	234.62	25.64	541.63	142.79	212.93	279.01	890.15	848.46	
579.16	243.29	291.90	196.37	848.53	937.28	533.36	357.60	636.95	280.99	954.62	652.21	951.55	627.25	511.07	297.64	815.03	277.24	432.26	95.03	973.89	809.34	439.36	208.52	833.97	979.99	350.30	46.90	259.00	240.45	894.36	837.16	482.74	186.27	33.53	331.27	123.55	565.89	687.87	759.49	845.88	642.50	411.70	797.43	269.74	921.77	95.07	84.77	199.01	526.32	178.81	172.90	335.66	617.17	380.42	169.64	597.16	729.72	215.54	855.16	
969.17	109.90	692.31	451.91	295.17	724.84	782.19	417.71	290.73	470.06	177.20	136.61	112.55	587.90	933.05	381.30	509.67	28.11	465.07	707.68	553.44	642.88	879.58	888.10	260.05	260.00	57.74	856.20	988.72	272.28	711.36	957.90	381.18	403.67	409.81	675.34	128.51	192.00	93.05	418.24	661.06	269.26	553.86	772.61	856.16	486.90	153.91	365.84	514.02	617.98	73.52	67.46	260.85	952.10	954.56	519.90	212.11	12.29	376.10	200.83	
283.57	87.46	158.72	663.74	490.13	567.53	339.09	617.64	758.53	431.14	35.89	419.59	699.40	588.75	192.20	555.56	75.65	345.11	920.39	588.67	962.09	992.91	655.13	222.94	945.02	609.68	741.84	157.12	620.97	117.94	356.95	903.54	204.40	514.67	567.29	693.53	82.21	905.37	311.17	839.74	336.51	346.06	259.33	35.91	933.81	450.53	590.47	9.46	794.64	510.86	597.13	756.73	503.77	252.25	978.67	448.79	860.94	720.51	604.91	481.91	
837.45	960.86	385.45	41.85	475.53	951.74	734.38	556.74	857.11	45.55	396.48	193.62	390.62	654.81	228.53	324.42	105.33	818.00	332.88	898.97	328.86	929.01	655.70	831.63	181.27	634.36	280.41	42.20	354.87	884.32	523.11	192.32	845.18	907.56	233.17	320.71	859.30	966.55	876.44	716.41	12.10	272.92	909.04	401.72	926.73	137.57	725.14	32.06	954.57	58.03	930.03	283.43	986.04	585.73	115.05	167.31	220.10	394.47	208.51	573.97	
278.79	730.62	765.29	123.97	638.19	997.46	443.67	497.49	964.01	320.12	213.90	975.11	592.04	122.94	376.83	518.76	259.51	101.97	549.82	214.08	159.00	479.86	496.51	145.04	65.59	610.56	311.35	284.69	5.03	518.86	857.66	282.82	249.49	622.94	405.79	886.67	620.40	848.46	384.16	584.41	168.57	597.07	559.52	759.61	719.01	935.34	278.37	977.52	37.31	827.20	191.60	195.31	307.05	687.11	339.35	371.64	297.67	649.70	655.33	301.71	
168.56	512.98	583.53	417.05	135.93	988.31	303.72	755.33	836.77	686.89	339.74	5.35	283.95	898.25	763.96	2.96	833.60	42.33	979.48	869.91	868.53	171.08	65.22	175.58	857.19	403.57	546.22	154.87	53.27	201.55	455.57	220.83	713.54	39.10	636.88	848.47	27.41	939.60	603.80	863.18	626.49	942.54	867.53	909.44	840.79	631.49	911.40	674.39	672.82	890.88	544.30	541.35	61.96	608.52	715.93	918.15	12.09	262.15	73.02	64.36	
462.71	527.59	284.19	176.25	565.69	920.07	24.71	592.10	859.67	627.51	455.29	486.16	570.05	322.82	395.60	410.85	953.30	307.00	85.24	626.12	197.88	628.54	167.47	258.84	237.05	882.40	176.99	248.14	144.55	249.01	311.50	606.26	775.61	594.69	781.51	341.30	514.76	805.22	932.40	374.43	432.74	387.69	859.59	2.79	709.51	255.19	412.63	662.81	561.18	496.87	288.93	758.06	125.41	455.41	16.90	361.46	337.81	192.89	608.60	481.36	
440.91	919.11	87.62	216.51	513.80	868.13	556.81	28.57	673.35	489.21	402.00	106.09	875.90	261.59	107.87	585.41	515.78	519.51	248.22	76.96	16.38	536.15	834.02	140.78	990.56	849.92	501.24	328.36	42.81	109.85	808.72	482.72	28.95	895.35	698.23	541.76	763.47	255.04	569.32	436.82	743.25	970.32	541.91	619.15	231.91	648.78	204.56	746.69	168.29	451.78	822.65	183.67	986.93	656.67	323.45	977.49	506.58	823.69	305.85	548.40	
932.54	114.57	31.12	960.49	9.92	728.35	502.25	772.39	982.39	71.57	209.22	725.64	41.90	750.13	344.79	272.81	398.91	548.35	19.50	566.20	999.12	841.15	748.87	986.05	497.81	72.32	963.54	4.40	895.01	269.39	551.79	827.54	382.96	581.91	788.04	391.88	310.25	290.29	164.28	292.64	360.86	372.49	18.28	401.76	122.62	362.07	673.57	520.54	909.41	692.07	86.74	908.54	533.21	834.61	894.59	31.03	905.92	858.12	34.42	800.93	
127.51	585.22	628.48	509.47	167.13	416.51	900.35	476.38	705.80	64.63	768.02	66.66	436.12	785.30	467.42	557.74	147.36	140.99	78.28	56.78	832.05	164.02	964.31	365.27	997.63	858.90	395.29	903.55	717.02	428.72	704.48	843.53	13.94	332.96	353.00	180.06	748.47	253.35	655.44	454.27	316.98	423.46	519.93	752.10	208.76	986.35	309.85	355.12	127.33	387.13	410.89	958.39	550.15	375.21	323.66	547.77	234.11	717.95	451.32	950.13	
146.67	155.81	793.66	159.60	487.76	146.67	338.67	236.24	399.02	993.11	689.51	715.00	416.57	209.44	467.10	624.32	195.79	775.95	978.44	322.12	163.07	389.34	280.51	712.22	763.54	603.17	259.99	996.65	321.12	710.31	946.78	466.79	865.12	740.45	625.39	352.88	886.11	963.06	588.12	285.13	956.16	277.63	999.13	372.73	486.07	466.23	996.06	680.86	242.18	974.50	2.99	404.25	363.84	282.50	116.47	127.38	884.66	375.46	124.03	205.78	
85.78	70.81	671.57	949.90	810.26	296.96	302.78	696.37	260.01	889.90	980.51	216.18	167.53	979.64	587.91	652.60	445.87	583.97	333.46	687.05	558.46	335.45	91.30	921.30	616.95	206.78	48.68	501.61	581.24	171.71	706.39	666.02	241.53	377.96	615.91	51.79	673.91	917.69	747.16	932.93	807.59	727.67	149.11	974.12	707.30	736.02	626.72	153.18	319.98	959.19	839.23	877.45	294.64	929.53	798.74	910.58	136.30	846.42	412.19	716.54	
18.14	118.58	382.56	258.66	495.54	997.47	309.45	169.45	915.16	56.62	102.38	722.75	783.28	250.48	696.87	490.59	985.50	323.59	642.76	305.48	282.78	481.99	182.93	576.42	411.52	980.67	487.00	546.82	827.10	898.19	263.36	844.24	16.77	644.92	102.90	511.30	642.39	411.35	679.75	557.55	466.97	781.13	280.30	250.25	31.61	976.17	739.84	17.11	299.76	382.60	321.60	581.54	863.59	503.53	157.96	275.11	484.20	643.95	820.93	311.30	
542.14	84.29	155.54	557.90	728.22	257.44	69.21	370.61	667.79	747.96	927.16	134.76	529.08	207.45	384.01	559.69	183.62	123.85	575.81	482.38	505.45	896.41	63.92	369.04	399.93	220.88	643.15	883.13	863.83	464.08	194.43	405.97	547.38	348.97	962.88	275.59	605.41	32.08	645.20	273.20	779.04	572.35	406.96	308.12	778.81	789.97	866.82	961.43	912.83	442.62	443.81	418.28	339.03	506.74	786.32	737.96	726.62	429.48	621.10	590.45	
892.56	814.53	995.42	439.94	163.50	958.30	714.53	767.91	989.38	359.73	41.11	768.42	931.08	447.07	76.54	709.89	237.04	942.36	671.32	149.87	384.98	115.13	567.15	723.01	620.86	353.47	460.98	347.48	781.95	82.07	936.93	674.51	895.61	932.36	114.45	59.11	890.66	827.98	826.02	880.04	187.71	866.13	648.46	118.79	313.20	724.01	827.67	549.24	666.37	498.99	698.11	51.35	613.11	265.26	773.36	233.98	617.73	234.34	580.46	399.68	
315.41	517.39	74.20	211.01	449.75	187.65	269.12	340.41	15.62	95.14	220.45	202.33	960.27	867.91	320.11	273.47	591.92	147.79	821.71	258.29	645.77	519.81	308.63	258.89	784.07	81.99	491.87	401.80	315.33	72.33	800.49	629.74	588.72	873.68	839.75	38.47	61.33	108.88	377.87	75.95	203.02	597.32	277.28	163.29	465.24	596.40	435.75	57.16	743.18	257.46	314.44	388.95	776.27	622.08	646.84	560.34	703.07	138.71	961.15	18.40	
210.03	761.64	647.14	797.75	635.32	486.89	835.22	695.65	594.77	213.09	770.61	796.79	809.42	47.89	959.07	274.65	643.29	394.82	330.81	386.47	651.28	644.25	774.42	427.55	266.32	421.26	986.90	968.39	558.97	948.05	985.80	768.00	709.68	632.94	565.75	345.01	119.83	400.97	40.66	713.60	613.06	810.27	510.39	422.48	857.15	469.46	696.13	500.44	863.28	26.93	885.91	514.56	670.18	660.33	941.12	935.51	81.59	928.02	903.90	639.56	
876.06	889.70	407.56	585.75	522.63	972.31	929.75	641.46	373.28	969.41	355.06	985.34	779.68	864.44	407.82	636.83	333.90	103.95	137.27	197.18	129.89	23.18	710.75	799.07	682.51	651.87	734.58	763.10	579.88	638.48	402.66	455.94	528.17	809.21	41.69	50.80	781.52	970.44	691.26	154.80	939.86	46.32	140.15	719.54	909.76	546.97	356.37	243.66	649.92	492.65	439.85	778.81	514.83	150.60	577.88	197.34	801.46	312.45	959.43	381.34	
949.93	362.09	836.29	478.10	171.30	876.98	527.91	951.82	847.42	219.17	106.63	787.28	264.49	245.78	506.81	174.25	791.75	862.18	416.92	441.67	354.83	855.77	220.48	868.66	6.36	797.36	65.99	806.82	109.81	25.42	188.17	59.74	386.51	24.46	536.85	556.81	900.43	64.75	508.64	747.85	282.92	614.27	535.13	546.42	859.04	41.95	719.67	650.79	903.13	136.59	92.46	257.96	991.35	311.93	126.61	996.72	109.29	191.60	803.54	218.10	
216.03	990.71	276.85	601.54	15.17	812.69	158.35	914.60	876.45	665.99	662.46	159.37	280.26	197.59	704.79	139.30	238.53	424.46	789.09	141.66	560.05	880.54	398.62	551.40	192.48	524.23	548.12	300.77	714.84	351.66	517.87	929.87	342.37	793.72	531.41	356.53	606.41	688.76	271.13	482.86	354.75	932.59	641.23	634.01	130.18	346.02	772.31	367.71	769.48	561.39	508.37	329.53	441.93	905.99	879.93	633.41	430.22	428.04	933.18	145.06	
778.70	451.05	74.92	121.07	244.76	605.33	476.60	850.17	294.09	746.74	333.03	647.84	679.33	973.27	281.85	808.50	319.29	54.15	176.21	88.77	614.55	683.58	417.30	56.48	589.57	297.22	688.89	19.79	724.27	622.07	163.85	502.97	73.11	237.78	623.04	316.88	842.11	99.64	167.05	136.20	845.38	499.08	783.04	524.71	472.35	64.89	333.21	790.64	118.04	508.42	878.41	731.59	192.00	295.71	787.07	780.58	591.93	475.96	799.37	316.20	
98.03	962.22	818.17	170.14	200.00	441.21	486.01	42.11	539.85	652.06	177.31	385.23	151.15	959.35	908.93	622.50	24.24	242.14	413.14	141.28	749.56	291.55	871.86	940.57	586.26	658.93	721.15	178.19	134.89	520.52	493.39	231.92	482.74	311.56	401.06	681.75	751.77	886.07	722.86	291.62	538.14	899.17	675.84	688.29	858.52	584.77	310.79	881.75	825.92	722.93	23.03	575.48	14.48	893.89	516.05	599.74	552.83	237.20	776.93	686.72	
756.71	270.32	917.65	239.46	580.88	318.71	920.20	332.65	204.78	643.06	623.27	741.92	542.23	299.11	430.21	400.75	882.88	739.99	282.50	708.80	462.92	304.53	284.28	476.40	198.43	799.33	76.14	750.26	36.53	852.07	436.98	792.24	122.39	354.63	31.70	702.27	672.33	950.90	34.92	876.11	593.96	657.19	618.03	136.19	955.29	48.24	535.94	838.18	787.23	817.44	546.98	250.15	121.97	830.26	725.55	319.39	629.59	800.69	69.65	665.12	
652.76	505.63	457.36	774.15	859.25	488.06	476.42	531.58	438.95	510.34	407.70	32.91	167.53	25.73	168.10	122.82	72.96	703.04	960.00	859.19	520.48	506.97	109.35	641.45	337.23	833.90	959.84	965.82	634.59	29.49	630.94	287.35	534.12	88.29	61.50	393.37	575.35	536.92	923.95	14.30	47.26	331.65	46.22	213.78	356.38	213.32	335.60	428.34	915.36	295.60	287.54	435.84	801.57	395.88	77.28	138.81	229.78	37.12	104.62	863.37	
65.61	734.56	150.72	598.73	821.85	211.21	991.10	397.20	747.13	915.05	410.50	793.39	246.70	455.72	7.17	602.08	668.04	341.77	30.42	583.40	636.37	316.96	19.24	437.95	711.84	95.52	575.75	940.62	131.65	679.38	803.99	196.26	413.94	953.70	793.99	235.79	164.92	785.08	631.99	911.05	700.14	42.50	704.44	945.84	497.22	710.61	547.92	165.26	52.38	577.34	747.66	687.76	893.30	765.90	125.71	605.14	860.42	700.46	545.76	991.07	
379.84	349.75	187.33	792.78	303.45	980.32	28.57	467.37	765.40	659.56	378.42	465.54	701.06	82.86	411.38	198.28	792.46	958.30	362.53	843.85	535.64	110.19	531.61	428.95	875.09	656.31	34.09	735.52	356.77	578.85	726.59	735.62	927.59	912.91	528.40	231.04	893.23	555.97	697.41	658.63	215.53	75.83	124.17	915.59	157.68	534.54	113.87	949.15	492.84	475.40	793.00	28.49	584.60	324.60	456.43	459.69	979.91	489.52	195.20	336.69	
68.37	920.79	72.30	994.96	833.70	599.70	226.00	726.93	155.67	922.41	385.56	370.20	997.24	508.73	285.79	154.92	43.27	398.66	104.07	535.11	873.06	896.06	562.60	457.66	220.66	19.04	916.35	200.58	507.56	111.55	536.27	574.93	32.34	607.57	569.89	865.05	207.27	794.89	591.98	361.93	717.30	976.54	731.13	714.54	485.27	16.92	868.46	527.54	414.58	971.53	62.65	287.65	867.59	624.25	744.31	88.26	642.29	660.66	287.84	149.85	
771.21	823.10	723.77	802.56	430.67	293.66	667.60	636.94	88.56	259.58	997.87	804.86	236.12	729.00	519.40	720.38	744.92	387.86	247.92	159.51	359.39	309.57	446.16	226.98	932.82	190.47	314.24	575.10	850.13	601.08	723.95	621.34	424.18	447.72	423.89	853.85	740.38	91.50	490.78	827.94	350.07	488.65	632.80	585.19	217.65	152.20	305.57	961.57	539.06	552.49	121.08	897.45	861.05	566.24	124.44	793.87	755.71	437.68	368.97	605.83	
38.75	92.92	227.17	461.93	539.64	650.07	315.78	280.02	740.56	805.56	107.96	90.63	294.21	739.76	674.82	510.86	890.96	979.40	472.44	430.03	531.88	592.52	327.48	392.94	158.76	450.91	186.81	913.46	887.59	554.78	519.29	925.35	646.70	745.47	387.28	186.33	395.53	702.06	465.36	136.10	507.62	572.32	225.73	800.83	312.08	899.55	311.69	203.05	878.95	783.13	632.07	410.83	375.65	958.55	802.77	533.40	409.46	988.58	446.87	297.06	
543.36	965.16	222.40	190.05	710.63	608.68	375.39	106.16	310.74	839.74	241.26	817.36	412.06	465.99	618.19	723.14	365.54	928.89	925.19	244.49	712.02	557.26	654.33	87.67	515.81	457.10	620.07	924.27	445.68	66.94	221.33	988.04	32.10	442.73	178.09	741.73	51.41	552.47	846.89	361.15	392.22	88.15	178.52	803.28	553.13	795.71	526.42	917.67	724.60	451.61	162.16	436.62	8.86	815.49	523.28	523.67	272.59	143.35	447.94	717.27	
209.29	668.27	705.30	240.39	111.00	882.39	981.12	161.41	434.86	828.01	521.57	826.08	915.15	699.08	629.36	468.29	494.79	155.78	385.96	219.39	606.39	547.12	655.00	614.25	362.61	178.29	137.92	634.20	320.64	584.86	351.46	528.93	253.13	56.76	768.32	363.13	938.15	749.44	523.54	373.02	577.45	45.10	199.10	492.61	743.19	827.46	959.89	237.98	982.24	345.85	456.37	588.62	891.97	111.37	202.87	254.58	288.66	339.80	887.78	608.30	
923.66	239.24	137.23	176.79	295.01	904.55	538.92	233.16	654.00	62.46	605.18	231.45	106.56	803.28	723.06	848.75	630.74	682.96	86.72	612.98	28.81	542.09	201.60	919.78	652.46	403.47	174.37	940.12	742.27	62.15	548.41	665.93	300.39	684.64	841.72	594.40	589.20	380.64	826.56	243.20	442.09	431.74	473.65	547.65	235.02	196.71	396.40	864.76	878.67	482.12	477.73	906.47	24.21	678.33	826.26	675.67	81.81	999.62	615.79	823.08	
61.77	164.20	489.00	361.16	847.84	330.72	954.56	437.04	710.36	781.12	679.24	152.45	212.86	152.89	699.11	446.88	348.60	95.50	311.63	227.26	576.63	788.37	133.74	599.84	466.70	958.99	275.51	547.50	958.61	890.29	370.58	20.38	54.49	858.58	380.54	901.34	189.31	335.10	338.38	898.67	116.21	17.61	51.12	328.07	169.50	749.22	773.94	517.10	843.73	85.58	743.36	420.35	872.94	876.09	20.19	339.64	835.09	294.70	886.14	793.70	
184.99	256.72	813.08	238.48	115.30	193.62	139.82	303.61	527.72	477.20	202.27	642.93	493.81	252.39	970.00	662.31	1.62	743.95	179.41	844.34	828.53	921.77	264.69	701.47	797.86	283.88	41.11	632.95	577.58	926.25	426.65	761.57	182.97	239.74	999.05	297.28	432.36	138.87	599.89	959.08	615.07	801.16	602.02	108.88	53.56	572.02	770.20	54.17	315.97	948.61	897.51	144.49	870.37	162.21	844.96	668.24	445.09	885.07	301.19	22.67	
811.32	726.84	783.23	993.30	965.58	782.28	290.58	397.94	920.15	889.47	357.02	535.22	690.63	958.03	643.11	743.18	530.05	413.30	796.35	845.02	361.91	693.87	988.51	232.29	855.07	833.48	899.52	300.16	718.55	200.71	321.82	529.87	926.55	105.06	523.17	892.13	886.34	812.75	290.06	806.49	702.21	646.08	341.71	392.84	604.11	983.82	136.02	134.16	397.12	931.38	978.18	758.04	625.24	966.69	989.32	480.32	800.17	888.84	779.47	518.72	
89.56	101.30	48.59	16.11	205.36	570.76	907.24	91.69	383.50	197.30	897.18	85.72	842.38	238.90	477.56	446.49	222.72	612.58	579.65	618.84	543.96	557.83	376.88	169.20	524.52	366.20	648.52	324.69	255.04	427.99	842.41	343.60	528.29	889.99	358.71	732.65	460.75	265.94	823.34	843.26	462.24	720.52	927.97	304.62	958.42	405.53	750.11	181.14	18.11	329.76	798.98	561.07	886.59	175.86	729.27	411.11	541.06	377.78	734.80	795.10	
804.78	577.21	138.70	333.07	467.20	496.41	65.71	926.95	761.35	888.05	770.21	223.59	608.57	698.18	527.21	567.00	103.71	277.32	747.14	120.82	606.08	546.12	680.88	492.67	720.98	410.15	902.78	262.04	786.93	637.58	57.14	591.71	214.79	194.84	923.78	681.00	690.25	988.49	607.95	451.59	876.54	378.16	674.18	485.12	76.34	201.39	52.11	179.05	477.71	798.25	298.87	83.78	344.37	978.75	575.45	65.35	388.90	478.23	326.39	175.83	
115.82	382.53	766.54	329.61	576.37	690.32	10.61	266.61	678.81	617.56	717.21	555.35	994.72	391.39	40.46	71.06	591.78	91.58	249.11	69.48	888.82	546.98	152.27	233.19	525.73	726.72	297.54	913.63	204.96	622.92	89.46	319.77	5.45	855.00	648.39	580.82	545.32	658.00	846.43	224.13	275.56	563.64	778.48	270.28	954.03	817.94	340.34	545.80	908.52	588.46	614.29	797.34	135.44	765.55	30.53	660.16	492.27	327.07	573.79	696.23	
948.99	662.25	16.00	953.44	517.25	663.39	534.25	62.58	321.39	380.68	285.71	595.95	943.32	64.19	865.23	897.34	881.13	205.58	443.15	789.65	793.03	57.43	586.99	927.47	821.99	616.52	587.63	314.26	942.59	161.42	10.49	891.58	822.67	25.50	845.01	339.93	687.89	379.26	401.50	9.28	758.95	686.21	604.23	702.27	749.40	469.46	599.61	630.52	674.04	42.76	420.17	467.07	99.19	7.16	394.54	920.17	622.68	981.17	234.43	565.27	
142.60	243.92	456.84	964.27	268.42	301.85	304.20	955.31	680.12	704.71	963.59	439.06	390.92	567.82	141.33	140.31	37.28	739.94	769.84	710.32	781.69	190.01	177.39	879.88	196.17	570.93	800.05	817.85	552.11	34.49	383.12	693.70	277.41	838.96	657.98	544.83	140.81	961.18	500.14	819.93	665.88	463.73	259.00	56.80	31.55	399.32	196.11	67.83	139.26	964.95	777.15	919.96	154.96	953.54	799.84	350.13	524.47	599.89	167.98	76.58	
633.38	550.10	769.29	909.79	389.05	427.26	454.63	528.87	388.44	953.77	348.80	54.32	417.50	606.79	110.12	448.05	6.12	305.24	514.88	144.38	270.19	292.03	64.34	424.15	245.57	863.18	773.28	769.04	463.07	940.26	844.63	96.45	490.35	613.91	6.24	878.41	41.17	459.87	407.27	428.61	413.64	755.07	481.93	830.13	361.86	591.05	278.18	366.98	895.29	792.06	510.36	165.48	84.09	573.69	588.62	328.65	436.87	361.90	97.70	898.94	
302.16	941.32	994.39	791.51	555.23	999.64	669.92	595.41	459.50	77.19	24.02	872.14	831.26	504.95	702.27	193.12	96.00	979.46	559.09	990.29	771.51	69.45	155.77	854.60	642.14	743.40	183.25	79.01	105.30	279.95	976.95	406.46	221.27	971.34	197.97	775.51	970.98	866.89	370.91	430.48	943.08	393.93	302.63	774.34	897.88	4.90	966.46	992.88	983.36	525.55	983.18	754.87	594.00	138.95	609.47	236.14	881.34	791.72	314.15	985.64	
71.67	291.10	392.10	291.95	262.45	589.07	67.45	233.43	455.96	437.37	662.91	399.04	830.30	964.54	173.38	728.18	968.44	139.84	721.06	951.79	664.39	704.24	706.66	258.39	842.19	316.13	493.53	723.54	107.85	806.68	709.18	178.52	97.78	101.28	469.46	359.23	689.35	535.92	591.66	145.31	972.29	254.57	543.35	802.59	219.10	715.73	530.77	187.54	854.57	251.83	139.33	518.96	955.08	845.00	776.35	797.27	161.12	269.88	520.80	267.97	
76.56	229.98	445.49	173.34	330.26	913.96	531.57	19.61	449.88	123.22	163.91	422.16	376.79	706.26	224.75	594.90	421.99	754.52	781.44	276.56	6.35	919.77	794.52	960.43	764.77	570.87	757.70	924.89	839.75	278.50	192.86	915.30	507.48	637.35	88.64	836.74	551.31	619.21	855.35	1.18	741.43	19.26	422.35	118.22	724.53	646.10	712.12	146.52	400.62	493.56	422.09	405.98	413.33	216.61	366.41	178.09	786.48	124.10	102.98	626.23	
401.60	294.85	541.53	908.09	931.20	629.17	744.83	482.51	248.38	600.18	482.69	988.81	618.44	904.04	107.03	342.96	550.14	818.15	488.49	949.77	311.71	909.57	355.74	724.03	126.18	721.15	901.13	911.66	844.25	4.11	537.89	245.86	297.96	79.42	153.94	229.16	707.59	897.77	710.67	954.97	497.95	193.36	943.78	116.38	97.40	50.81	458.35	646.55	867.96	945.83	596.31	179.67	855.40	951.05	902.70	980.58	672.20	803.83	892.24	516.45	
806.94	430.13	761.31	104.89	508.55	914.25	333.05	216.14	812.02	43.71	171.10	309.97	236.07	114.88	425.35	332.48	164.69	882.70	978.02	32.65	828.54	574.34	211.32	683.94	525.39	114.02	664.53	197.59	916.85	556.77	713.05	723.79	985.90	474.36	827.68	494.45	388.61	160.73	709.58	200.63	203.45	879.68	509.60	438.52	993.56	933.95	770.00	158.25	816.66	748.02	189.90	645.20	322.36	400.22	329.14	846.75	513.25	992.66	44.34	430.10	
549.43	756.39	153.89	535.33	230.75	980.57	29.77	618.36	141.30	738.35	817.99	343.74	618.04	327.59	781.27	611.60	261.55	551.26	768.85	78.20	299.29	957.75	722.40	620.64	357.98	51.54	467.39	870.22	44.20	510.74	300.32	592.63	267.13	453.21	127.95	496.88	433.77	156.73	115.24	574.07	894.08	932.23	916.82	512.12	259.82	698.08	123.71	520.37	249.35	891.56	597.57	547.63	849.32	319.97	168.28	207.29	370.51	634.67	77.51	413.70	
145.41	376.84	6.33	411.54	829.04	133.28	907.42	262.82	289.01	22.67	835.89	183.09	953.90	752.70	694.21	213.72	450.79	816.92	733.09	699.13	708.48	330.66	246.76	557.80	649.63	414.04	764.09	20.14	48.71	840.60	432.84	193.12	217.44	438.17	603.66	46.48	570.45	511.09	308.30	858.46	532.75	144.18	41.55	486.65	895.89	734.76	699.37	346.68	551.68	432.46	45.81	260.16	762.12	291.57	816.96	411.76	704.61	581.05	430.89	752.32	
421.65	862.73	944.44	638.09	300.90	548.10	683.57	870.35	59.19	990.87	728.81	590.94	135.05	769.36	77.59	30.94	504.12	775.96	376.62	55.80	208.43	421.42	314.96	969.55	712.00	131.92	381.31	416.61	711.97	811.20	168.93	133.62	673.93	113.38	770.71	973.83	660.48	454.28	844.18	718.67	445.15	573.00	309.61	579.20	342.36	386.20	609.15	845.48	162.17	984.76	900.28	369.60	406.19	215.24	339.15	118.18	346.16	719.46	533.79	58.12	
530.66	701.73	190.74	204.59	814.10	960.45	178.43	474.58	414.73	22.61	193.26	858.88	594.61	501.87	438.09	935.97	887.07	47.23	781.44	49.24	32.00	681.72	417.84	437.18	895.96	755.99	554.37	242.11	475.45	88.16	299.24	6.11	788.89	488.97	209.70	602.99	449.42	387.13	77.58	863.15	408.74	269.83	722.04	3.35	770.70	160.13	938.31	657.77	206.36	719.75	706.01	237.35	401.48	123.85	673.54	297.43	878.84	227.90	538.55	354.29	
