60
60
60
319    159
181     18
241     72
187     37
302     60
370    185
176     35
327     65
470     47
171     34
300    120
450     45
123     61
194     97
169     50
191     57
176     17
182     36
223    111
220     44
365    182
323     64
283     28
130     26
364     72
202     40
129     12
366    109
288    115
148     44
403     40
 40     20
402     40
198     19
176     88
351    140
102     30
177     70
312     62
339    169
 88      8
155     62
393     78
160     48
 70     28
339    101
444    177
359     71
187     18
 75     22
175     52
490     49
194     19
354     70
 68      6
382     76
434     43
 65     26
 47     14
218     87
135     92      618
488     56      212
281     69      471
223     24      259
425     61      687
496     56      342
514     86      301
998     62      444
221     36      229
196     23      498
668     44      379
119     21      442
804     37      435
911     79      639
848     74      644
424     55      373
168     94      230
103     56      386
441     83      675
390     70      541
578     54      417
877     53      204
177     92      623
591     88      213
426     37      322
847     74      668
775     88      243
352     39      666
113     99      584
758     37      627
995     88      246
139     54      248
291     99      386
105     59      263
862     33      307
398     23      372
775     97      653
728     70      655
138     35      362
744     33      682
598     22      452
150     86      287
148     99      670
544     40      433
862     49      226
616     86      614
680     12      353
316     33      503
391     55      299
503     82      327
914     10      590
889     72      262
669     79      331
837     12      512
824     15      522
467     82      200
466     48      226
386     43      565
216     45      666
269     23      610
597.28	45.22	707.59	793.56	572.75	23.39	990.93	273.08	452.86	392.91	199.07	639.86	203.36	819.85	991.50	328.69	438.61	67.65	598.15	675.42	219.87	829.11	713.83	302.77	643.57	304.76	91.10	375.22	285.84	405.02	467.50	882.12	449.25	175.09	675.68	21.99	197.48	666.61	294.07	649.34	59.52	492.14	289.20	261.87	311.99	280.70	589.57	749.60	347.35	187.71	425.02	566.22	16.82	138.85	867.99	659.40	442.61	958.10	34.62	727.45	
363.12	501.12	609.57	811.37	675.21	285.25	832.36	871.69	950.86	126.43	521.03	10.38	617.57	809.23	271.25	928.56	89.94	859.82	678.17	436.29	47.53	103.19	2.51	63.35	241.04	869.50	721.75	682.65	827.60	755.37	410.10	190.72	256.49	19.68	2.09	930.70	303.92	833.45	802.39	254.78	958.88	323.42	264.16	576.45	132.66	534.42	505.01	221.59	394.23	183.17	656.88	440.77	285.36	658.39	503.12	525.40	527.90	224.87	208.04	355.50	
979.24	617.15	545.22	235.73	635.82	546.31	166.43	938.75	379.75	967.82	193.53	338.63	291.25	456.69	914.07	422.90	990.11	419.08	643.49	384.34	601.26	300.38	824.11	885.62	957.77	327.23	411.02	485.67	551.11	618.06	840.16	530.35	235.21	385.38	765.08	870.03	930.69	930.52	808.78	310.44	898.34	2.31	648.07	189.59	458.00	562.15	611.49	448.11	980.23	254.98	831.45	581.49	554.36	655.57	467.11	512.12	981.80	877.13	996.79	532.90	
495.19	836.95	63.25	729.40	222.34	827.34	599.43	153.03	757.86	408.20	462.47	656.20	409.51	110.55	844.78	866.52	671.69	456.27	314.63	651.93	710.25	146.08	233.42	264.60	800.65	699.53	775.73	782.45	576.66	772.52	315.35	71.85	609.47	377.61	800.24	830.80	204.94	399.67	982.83	961.80	806.87	445.30	618.00	216.38	554.85	462.78	82.90	226.54	918.05	396.53	877.47	628.30	541.61	110.88	891.90	342.26	809.41	667.63	124.71	386.07	
440.15	439.06	456.92	49.61	815.66	257.16	879.42	20.61	655.83	862.25	981.41	462.70	307.55	599.41	678.08	861.40	62.18	759.98	87.94	979.23	156.51	964.40	607.53	697.12	75.29	499.43	39.38	883.70	167.06	163.09	269.77	606.21	601.15	725.69	654.83	416.82	981.85	534.24	436.42	637.68	396.49	417.83	100.37	703.04	17.24	777.45	564.44	78.42	537.44	651.37	57.66	692.95	615.77	664.19	390.07	690.06	163.62	428.45	573.76	329.68	
590.54	842.54	934.89	191.69	568.23	589.72	607.51	550.08	123.96	43.93	187.76	519.45	460.76	287.13	222.49	477.00	64.59	785.93	554.43	601.02	437.30	611.08	293.97	53.07	275.27	683.04	742.13	437.88	111.49	315.90	766.57	701.03	158.44	701.46	891.72	725.67	291.18	499.23	275.75	414.14	542.16	462.51	932.59	2.93	748.65	155.08	478.93	812.23	940.01	33.36	413.26	377.31	643.44	706.23	429.38	917.70	389.27	171.52	355.59	499.76	
486.41	122.15	200.79	643.85	822.61	92.52	369.52	113.79	590.75	644.27	526.93	132.91	106.78	459.52	134.84	854.43	613.60	612.77	666.66	553.61	645.13	79.92	929.91	288.56	785.15	359.29	206.26	174.42	529.81	560.85	673.18	16.22	682.01	872.98	659.07	504.62	964.49	28.59	617.41	555.24	671.87	144.33	687.16	777.65	602.85	821.00	632.08	216.45	433.77	298.74	769.05	78.89	377.67	698.97	366.45	162.82	58.26	571.72	336.24	587.07	
132.57	9.43	602.29	813.58	881.40	261.37	318.19	845.90	288.96	934.60	401.14	959.83	78.94	88.30	737.48	680.79	908.29	369.56	896.24	342.06	667.30	665.29	419.95	44.96	364.26	785.41	206.78	421.52	357.13	542.03	8.59	488.70	550.45	609.89	302.27	431.86	870.25	619.47	277.75	159.22	554.07	677.89	119.04	632.01	765.19	855.52	312.79	673.48	225.08	209.03	15.54	891.38	873.32	434.50	935.34	237.58	219.90	142.12	658.10	576.03	
683.15	665.69	64.73	233.60	275.57	366.00	664.46	145.83	984.47	941.21	304.04	538.54	619.10	422.09	170.55	384.29	277.61	482.34	57.77	501.69	690.37	72.32	393.06	563.69	505.81	328.40	800.27	724.72	469.52	458.37	300.75	152.67	124.06	364.47	385.27	398.63	729.47	49.73	543.46	713.94	989.93	846.51	252.48	609.04	268.60	422.02	992.33	545.21	903.36	50.10	46.90	593.73	121.42	438.96	157.43	626.23	766.36	956.70	350.95	235.88	
415.07	650.69	387.55	538.13	15.17	771.82	935.77	743.64	820.55	479.23	457.58	810.49	325.74	709.05	419.52	593.33	131.08	411.85	138.54	34.44	460.95	184.44	627.18	581.37	622.39	783.60	207.60	388.75	740.30	557.55	623.64	155.37	208.25	11.19	692.50	222.41	782.01	628.27	965.05	602.56	107.50	422.63	413.05	432.23	131.68	831.57	25.57	261.76	243.42	163.11	295.20	703.37	346.54	921.37	284.73	967.94	704.97	491.34	356.69	445.28	
48.89	979.33	599.65	256.13	989.52	292.15	477.55	771.53	919.42	442.59	374.09	26.92	864.22	786.14	458.16	994.90	617.71	482.72	256.65	860.13	644.83	550.85	563.50	990.37	472.22	847.23	958.31	177.20	338.57	315.00	621.47	386.46	294.33	221.12	641.59	283.84	512.28	119.14	55.37	431.70	560.73	428.46	457.62	424.95	214.61	914.78	419.85	831.32	397.50	675.50	691.45	42.33	226.35	254.95	32.70	697.58	102.18	990.02	873.77	439.75	
305.02	495.25	825.20	598.34	715.37	466.79	881.18	227.65	584.93	935.55	658.35	145.66	364.02	115.98	569.61	577.62	30.76	988.46	408.94	427.26	663.96	100.39	468.59	889.32	354.34	500.29	586.89	455.51	490.31	460.67	894.26	794.32	954.92	719.46	392.66	670.29	186.26	273.85	896.94	770.18	209.40	555.30	914.84	572.41	670.27	484.46	150.03	700.03	472.91	557.97	127.29	136.88	657.36	594.87	26.20	11.70	95.16	612.09	466.21	584.47	
72.76	360.47	378.79	27.68	79.93	770.46	696.97	265.19	44.30	593.91	35.37	252.70	149.21	949.22	824.11	818.48	433.67	973.14	518.51	905.59	531.12	644.80	42.47	188.48	239.67	67.66	199.18	333.83	678.75	664.39	917.30	750.51	24.86	296.10	777.19	103.80	66.55	474.15	367.98	109.85	68.06	402.36	361.55	216.27	351.58	185.66	34.75	784.25	158.81	552.26	689.84	688.93	197.06	731.31	876.41	435.73	797.97	75.59	768.56	476.72	
738.98	685.86	227.23	762.84	980.96	4.42	865.64	47.51	477.58	233.62	156.37	544.64	634.98	516.92	759.91	985.56	701.58	793.66	769.81	859.39	345.92	459.65	548.32	541.98	190.95	424.73	976.70	987.92	499.32	745.26	464.64	238.30	431.12	690.88	1.14	412.08	694.30	865.77	458.59	171.87	99.39	613.96	715.51	733.37	130.88	475.42	718.93	831.46	269.08	488.74	690.86	614.00	947.38	239.18	155.97	138.33	662.91	132.68	126.25	162.22	
876.94	589.89	399.52	308.06	280.77	399.65	719.14	974.06	265.43	177.73	145.94	363.82	790.69	860.45	97.19	920.56	335.86	815.12	752.03	603.94	303.86	442.88	217.94	251.24	681.06	372.91	388.57	343.97	504.59	513.82	505.19	381.52	103.72	903.71	688.58	383.49	303.36	407.72	357.55	567.79	584.44	502.49	930.61	375.13	362.93	27.80	295.69	697.80	841.93	47.72	301.74	145.79	489.60	518.68	396.03	170.66	890.59	783.60	513.62	395.17	
297.42	18.81	775.70	400.14	921.52	464.28	782.63	224.88	870.99	140.18	791.67	455.44	641.67	722.28	829.56	4.60	749.08	125.26	701.40	591.01	171.97	3.14	735.80	660.57	520.82	131.82	830.23	411.40	914.42	343.86	805.58	211.85	361.67	581.28	610.99	283.19	45.55	393.62	507.07	915.54	532.79	298.74	370.98	174.46	21.02	200.54	178.06	769.10	324.80	878.46	360.11	495.77	880.60	95.91	156.35	401.42	226.73	985.58	811.82	141.15	
329.44	617.40	352.00	690.11	198.68	961.98	972.30	243.23	355.60	479.38	158.77	887.39	777.12	528.75	61.85	797.14	728.29	238.92	566.24	53.09	117.38	925.35	547.86	996.99	21.26	703.21	398.41	246.99	688.79	210.23	387.14	18.23	826.63	738.14	707.34	25.30	700.12	679.64	267.53	55.72	159.02	425.30	942.11	935.14	953.05	3.96	732.28	681.34	241.88	298.52	733.43	358.27	223.87	281.29	355.25	244.14	983.50	752.66	490.13	672.29	
961.88	876.27	689.53	788.51	614.40	396.87	812.81	314.52	76.51	80.34	369.24	234.53	504.64	311.35	169.67	457.69	314.31	900.95	139.03	555.19	199.47	871.46	912.46	422.34	152.75	267.71	665.48	136.25	20.37	155.60	807.55	981.25	31.87	497.07	769.76	645.28	892.94	582.58	958.80	968.45	661.92	328.04	202.99	166.56	638.38	371.66	623.26	951.69	272.61	761.29	506.89	471.08	632.75	419.35	892.42	784.50	686.06	557.90	919.75	705.42	
712.50	727.30	686.67	743.37	224.38	456.43	388.65	117.32	39.01	347.44	85.77	699.93	674.48	287.76	865.50	312.86	658.42	488.75	264.56	930.02	250.04	770.45	401.10	881.79	189.79	293.52	666.28	874.85	850.41	586.04	580.27	562.91	313.34	266.94	306.28	536.72	722.38	693.93	653.03	760.39	41.37	737.81	460.32	714.85	25.57	325.82	27.72	682.99	813.57	291.28	613.01	63.61	61.72	14.11	944.40	250.52	306.63	610.68	125.37	157.04	
196.72	704.64	718.95	509.06	970.58	25.23	45.78	692.96	718.16	697.81	453.35	758.53	435.62	912.67	473.38	460.18	238.49	500.10	143.17	52.06	790.38	755.18	114.67	851.10	768.29	59.07	101.62	74.91	668.75	225.98	230.95	864.47	929.62	948.90	373.53	900.20	973.14	418.31	593.16	691.30	116.12	46.51	449.83	550.73	958.19	922.21	10.92	196.68	422.31	153.08	247.74	212.69	907.26	361.42	63.79	675.55	419.49	164.41	749.47	88.24	
389.39	979.42	951.71	319.01	928.32	325.24	219.21	901.46	742.55	811.37	592.76	857.66	856.89	42.59	408.39	815.07	963.80	418.31	11.75	386.12	570.39	258.50	597.81	477.66	618.91	660.60	153.21	38.40	824.01	901.67	125.64	213.40	881.09	77.35	531.41	809.41	401.60	749.62	710.87	144.14	560.99	303.63	1.81	417.87	345.22	409.20	232.95	309.02	826.51	243.70	694.14	396.90	501.20	291.94	873.56	120.11	951.54	26.77	157.52	775.55	
927.44	282.16	987.95	808.53	358.51	519.35	617.95	759.11	268.97	328.82	902.25	828.96	631.45	903.06	246.83	975.66	312.26	478.78	284.68	138.77	721.48	977.82	534.67	222.68	269.76	408.23	341.80	221.31	434.00	498.31	995.86	361.44	779.47	983.80	169.98	137.99	503.15	786.92	896.09	771.12	115.74	798.34	600.07	746.19	701.40	845.90	721.86	13.66	324.68	6.54	151.42	46.16	983.36	685.09	267.84	253.12	93.32	608.64	473.43	526.32	
106.95	469.28	886.76	885.42	453.08	56.74	23.41	955.23	842.66	918.50	726.35	957.41	716.84	326.43	703.60	418.25	172.33	425.45	430.90	496.01	430.99	581.33	541.17	414.35	266.42	808.01	666.47	358.74	416.65	139.90	884.06	522.60	608.18	770.83	408.02	61.26	826.57	430.42	16.49	669.23	348.92	741.85	626.64	65.77	68.27	330.24	483.01	239.60	754.69	912.92	734.61	185.68	494.24	275.78	599.03	759.66	83.79	265.50	118.40	499.44	
404.40	2.46	22.04	12.57	772.29	429.05	72.83	598.86	858.48	88.33	268.09	207.40	829.18	893.73	272.17	896.45	223.97	754.18	136.05	977.65	667.09	869.66	163.33	161.33	145.44	761.36	919.99	228.24	26.86	38.39	726.68	430.26	39.85	747.71	441.83	811.14	176.77	513.67	410.00	35.24	601.00	677.09	241.64	430.17	570.82	512.81	326.62	793.78	266.99	461.67	771.44	933.08	331.34	933.77	94.41	475.78	695.14	14.41	703.02	721.00	
51.80	429.70	151.26	90.65	177.41	592.09	900.79	353.18	105.76	310.79	387.42	705.76	986.88	628.06	135.93	557.70	140.87	461.55	351.48	406.86	922.22	122.92	339.94	253.56	56.69	433.36	728.34	750.83	446.76	431.36	471.83	497.56	860.05	622.09	587.21	37.46	214.18	488.00	389.64	318.94	797.79	776.06	24.69	784.67	404.12	159.62	342.37	544.00	620.17	692.85	949.86	542.40	814.77	289.80	794.95	870.47	722.16	523.29	621.30	168.92	
953.65	93.13	665.48	813.70	714.21	252.69	850.16	927.39	739.69	239.80	246.33	537.48	15.86	270.02	322.14	418.98	428.65	663.51	961.98	48.82	356.36	911.84	590.21	171.13	201.64	385.17	41.60	922.79	907.46	661.89	91.71	861.11	754.02	756.19	674.81	468.23	8.88	524.97	395.63	747.56	763.76	640.96	285.04	778.62	909.98	606.19	197.60	338.63	269.70	159.58	386.44	625.06	71.41	975.66	795.19	272.05	360.82	835.78	194.84	268.28	
497.68	285.55	129.39	251.70	41.74	803.20	718.93	49.62	328.16	114.56	796.18	91.92	754.52	81.22	869.54	664.50	686.41	67.14	3.13	955.11	225.72	388.58	580.17	296.13	364.23	375.35	567.18	724.06	211.14	761.02	991.34	707.82	46.57	120.73	958.51	87.31	922.93	677.45	135.93	251.09	791.01	931.11	342.01	545.53	12.33	211.55	210.03	697.74	277.69	212.16	652.85	502.41	599.73	233.02	797.54	962.97	607.37	364.72	687.02	817.51	
125.73	678.36	525.32	171.30	798.09	483.84	257.61	721.02	161.28	392.54	971.11	951.29	323.64	313.12	496.82	334.98	523.68	705.85	32.72	800.37	917.01	684.57	302.78	516.74	916.59	100.32	479.71	523.96	464.04	166.73	341.46	588.77	844.10	865.79	759.07	642.19	349.63	16.68	363.21	509.91	408.22	334.32	461.20	730.86	646.45	957.02	65.84	170.12	662.87	97.56	969.50	579.87	781.13	272.28	96.61	697.71	371.60	575.32	221.67	834.64	
741.05	562.13	423.41	585.15	427.92	182.49	227.34	776.55	198.17	589.55	286.46	605.39	922.87	746.66	336.25	569.32	703.68	401.08	738.44	366.55	497.64	707.94	945.42	278.77	979.22	42.03	975.48	350.83	616.35	197.15	185.47	357.40	758.28	607.88	941.55	186.20	789.37	168.88	961.75	986.54	757.43	248.22	591.93	680.31	993.88	927.17	249.62	697.56	328.26	987.07	64.11	824.90	695.01	9.53	103.67	674.23	50.57	79.14	25.06	665.92	
275.29	209.53	23.32	33.57	816.41	963.86	218.78	605.78	132.75	180.53	592.32	889.18	427.75	184.25	569.49	421.63	111.42	818.11	119.19	438.68	805.18	182.30	263.58	500.18	190.84	366.24	174.41	240.40	444.39	198.47	905.32	718.68	407.00	927.64	751.26	223.41	891.50	969.03	828.19	24.25	149.56	420.51	912.43	576.31	603.76	481.91	996.94	714.19	300.02	116.13	152.87	105.20	297.43	415.45	604.38	487.27	780.69	777.79	726.67	225.08	
975.26	631.99	942.76	382.26	559.63	694.02	604.67	451.13	663.05	432.85	474.37	811.62	852.37	386.80	387.93	456.13	867.71	384.86	170.31	167.73	499.99	322.18	271.93	796.42	736.63	875.31	283.69	517.32	653.10	10.36	741.40	628.37	641.36	684.16	10.62	200.98	378.18	614.29	651.11	41.23	47.14	125.48	851.85	898.51	511.28	239.78	354.64	378.98	623.64	523.95	545.71	123.63	845.13	816.64	919.05	581.76	691.94	202.75	99.08	345.04	
212.11	839.48	972.41	852.47	523.64	982.03	53.45	900.82	596.32	703.56	941.06	642.47	828.04	792.91	540.97	339.32	32.69	894.61	717.30	655.33	418.57	263.01	777.96	263.70	79.64	697.02	844.46	770.59	898.76	942.54	115.63	110.87	782.02	88.04	962.34	305.67	70.07	15.79	206.49	665.39	718.35	147.55	307.86	546.39	939.46	847.83	884.71	971.15	742.45	602.00	626.47	161.01	864.01	404.43	423.71	942.66	101.45	268.17	713.25	999.21	
210.71	827.88	110.08	991.74	914.91	72.42	297.40	983.99	87.21	502.89	649.38	804.56	649.44	956.24	350.95	588.90	804.07	235.65	560.04	546.52	836.66	186.52	706.53	700.67	589.95	130.24	643.33	690.40	397.41	356.57	689.61	607.13	184.45	798.69	598.86	99.36	870.11	895.26	83.35	956.32	398.15	731.73	760.88	47.60	687.96	111.83	635.50	492.03	346.48	195.54	38.55	183.14	381.06	744.08	882.81	970.01	873.32	526.14	660.41	270.73	
881.71	350.02	876.86	66.16	148.72	475.72	164.52	18.83	370.98	246.87	974.15	768.14	977.60	735.03	814.73	665.56	845.86	450.23	157.60	192.34	644.77	195.15	374.48	25.83	938.23	257.29	994.84	811.55	782.43	655.25	82.28	664.14	5.28	958.14	729.30	152.99	433.86	892.82	170.82	803.84	139.70	144.97	571.98	117.30	879.00	386.71	781.86	724.86	835.94	938.45	916.20	480.71	133.60	290.68	505.53	71.83	546.97	500.37	882.39	329.40	
155.62	963.67	992.54	159.90	921.81	721.84	311.89	355.67	614.67	481.71	159.52	753.37	625.69	730.50	869.66	504.69	117.21	651.52	229.55	952.15	589.97	145.76	432.85	722.58	435.44	937.39	793.41	981.41	437.76	675.80	310.82	592.38	639.47	303.36	751.28	561.28	25.21	63.17	915.96	638.88	543.89	75.48	392.24	169.57	804.97	261.90	673.26	921.18	912.42	901.81	873.32	502.40	47.57	306.18	224.98	482.01	243.56	18.39	463.42	680.32	
693.19	773.24	272.70	332.66	76.60	23.98	892.95	100.81	86.15	808.91	738.68	629.04	883.38	130.92	797.61	688.35	391.83	470.87	609.53	304.25	372.68	482.85	805.65	419.25	788.03	30.63	900.25	31.59	48.02	363.67	710.91	740.22	136.91	982.61	72.88	212.51	6.59	964.83	312.32	91.74	773.73	51.00	719.78	657.11	180.93	517.39	345.46	571.76	987.26	953.99	875.01	359.95	436.85	680.66	778.19	224.87	710.29	678.45	255.46	757.32	
42.12	965.37	497.53	178.04	947.98	569.41	389.55	953.57	534.24	700.87	45.32	307.97	750.87	764.10	964.08	930.80	281.50	309.54	502.55	268.76	263.53	377.56	627.71	699.38	58.22	405.90	923.26	767.52	84.35	178.72	524.84	125.47	144.09	22.37	302.51	92.08	590.78	691.06	45.65	125.02	391.92	89.97	431.99	142.79	853.07	396.07	73.59	134.57	704.61	575.14	402.33	967.14	951.70	30.04	666.52	9.92	434.94	589.78	776.44	518.29	
767.50	301.28	642.76	910.59	322.64	944.26	2.67	912.43	635.32	47.32	37.45	27.24	136.29	468.43	169.03	988.36	863.50	241.62	122.93	568.11	815.76	524.27	535.25	767.46	553.30	201.78	776.38	987.24	790.56	552.82	505.53	558.06	853.09	148.29	468.65	175.74	92.55	470.32	88.16	726.87	516.64	124.61	753.11	651.93	592.05	921.14	640.29	455.55	162.77	762.23	23.66	977.52	286.49	557.91	744.98	838.80	758.68	521.36	826.04	549.24	
74.18	331.57	107.29	926.27	478.86	574.94	102.01	570.41	45.26	189.17	297.28	560.90	312.78	50.39	212.83	903.83	970.54	852.12	359.38	133.30	614.35	382.03	110.83	899.85	938.94	854.81	738.64	697.62	376.17	564.69	246.86	449.34	895.26	353.15	375.61	374.12	927.09	476.62	943.53	971.36	664.79	240.81	532.26	976.58	290.21	744.09	880.41	260.74	596.21	239.78	393.04	210.56	620.81	502.87	110.41	559.75	357.67	848.05	257.37	732.84	
412.74	503.23	182.19	308.00	855.39	556.80	681.12	782.48	33.42	624.65	753.84	697.21	864.46	286.09	673.79	154.67	30.18	554.20	414.41	625.39	792.98	806.45	834.95	413.79	309.32	944.35	972.54	666.00	792.41	229.92	398.84	205.14	732.15	580.02	512.14	587.54	136.82	193.26	370.02	169.24	816.91	123.85	865.45	681.38	408.95	539.24	835.05	438.12	93.44	249.46	63.51	885.42	55.91	897.45	299.21	364.23	841.81	271.75	30.23	634.21	
500.67	428.06	838.36	232.82	8.08	350.50	819.36	143.90	542.76	189.38	312.14	359.67	312.23	177.60	41.05	720.18	715.84	875.09	158.30	808.28	124.55	220.80	693.70	179.46	118.26	991.91	542.69	959.07	263.66	571.91	593.28	763.33	998.98	431.63	995.15	7.06	781.13	814.51	149.96	323.89	3.88	461.11	682.56	315.11	637.70	722.61	35.29	353.54	597.70	192.59	161.82	721.25	412.39	854.52	899.71	529.65	846.43	442.40	488.72	110.09	
14.32	81.99	872.42	13.29	512.63	867.57	19.35	293.76	682.08	168.31	616.65	684.97	628.42	299.22	999.08	266.12	21.83	34.37	618.66	618.53	225.95	779.49	339.79	637.34	634.01	239.50	166.99	480.44	680.90	654.71	589.53	694.22	735.70	461.95	706.51	248.33	329.52	724.87	541.09	11.60	892.18	157.75	695.57	520.60	455.96	694.65	785.72	476.79	728.01	404.38	95.32	952.97	183.87	434.11	590.31	816.88	672.61	756.30	297.32	353.52	
411.01	885.85	47.74	146.71	347.79	753.25	394.04	676.32	478.12	934.13	686.92	370.30	91.88	382.49	889.90	546.84	77.14	675.62	23.64	804.15	80.00	117.96	757.12	262.87	551.07	347.43	79.75	223.69	103.73	376.07	576.20	513.74	261.92	622.94	659.45	608.71	376.20	53.50	285.03	853.32	986.63	970.95	223.61	78.51	353.44	113.51	624.35	429.57	788.13	646.99	233.72	867.13	763.95	989.84	130.00	315.02	337.27	208.75	537.71	440.00	
583.82	113.91	952.74	844.74	735.85	612.20	453.45	112.05	664.69	737.47	964.37	651.32	708.42	187.98	728.83	61.86	300.49	353.18	490.43	88.61	999.17	723.16	954.74	763.12	713.00	84.74	78.14	50.27	292.49	614.85	489.27	875.31	727.76	442.02	720.05	463.61	54.21	173.49	574.66	717.91	909.97	539.03	369.23	618.39	726.01	98.06	679.25	26.49	450.24	169.68	114.11	449.41	891.84	68.85	212.53	604.84	152.59	289.67	654.11	444.08	
903.52	143.38	319.39	631.27	584.40	39.44	94.88	637.61	211.93	668.55	355.52	121.90	207.57	723.74	739.29	932.58	820.80	418.53	958.07	271.04	587.21	72.18	719.46	479.05	140.03	930.99	83.89	291.62	220.66	736.99	734.70	124.18	879.37	54.09	754.45	463.77	92.53	848.34	101.38	303.46	516.88	455.89	424.35	723.45	179.63	163.64	656.03	999.44	581.17	614.11	270.48	168.39	685.29	988.94	646.44	824.32	919.92	729.32	115.94	140.58	
466.32	849.65	263.76	345.69	902.74	18.21	808.46	994.27	865.55	908.84	297.73	382.43	364.73	721.08	105.89	543.36	883.72	760.92	542.80	464.89	375.03	812.28	632.28	60.31	801.21	278.71	883.64	721.14	8.04	998.58	860.72	473.36	848.23	124.48	818.05	750.96	141.70	626.51	745.23	7.25	535.34	42.96	388.68	899.07	763.03	493.57	442.43	646.75	254.49	984.23	111.64	628.52	796.51	742.92	687.83	597.72	21.64	571.47	318.85	28.68	
570.05	179.58	501.03	418.27	303.06	319.08	169.23	443.76	944.59	913.47	450.01	479.93	955.42	837.69	379.01	718.46	331.26	820.44	365.21	584.75	804.67	475.85	213.27	601.18	218.77	900.10	198.89	239.41	471.57	516.75	267.09	41.61	695.32	767.12	458.88	997.38	86.20	627.12	441.14	30.79	540.58	890.15	509.73	496.00	727.83	887.73	214.46	59.09	708.17	578.67	642.84	512.84	54.52	855.11	114.02	272.30	755.21	311.91	510.71	226.77	
827.66	776.79	267.39	522.99	543.91	725.27	520.37	629.11	352.39	960.51	658.91	891.97	850.65	168.63	387.97	578.49	56.37	601.43	636.58	763.54	180.10	279.43	276.38	233.62	134.54	389.40	504.92	888.74	700.31	15.63	115.52	527.97	791.42	381.90	50.95	335.33	107.17	570.32	963.44	458.56	530.83	622.34	350.53	381.49	789.98	737.50	958.98	845.35	338.93	595.56	608.89	518.03	873.98	884.27	750.66	8.52	273.66	255.58	896.26	972.97	
270.20	11.78	500.94	61.62	392.69	550.89	395.95	498.86	121.22	359.39	956.42	651.05	980.73	306.94	32.54	770.71	44.44	990.51	616.06	382.37	586.07	224.94	899.40	460.06	109.21	650.06	467.57	381.87	904.63	363.84	354.84	174.84	374.62	854.78	235.46	766.31	405.68	630.41	265.16	525.89	988.79	221.58	176.95	969.53	527.52	208.48	740.24	570.96	199.00	356.29	952.33	784.07	580.23	851.73	244.13	688.44	501.78	710.70	70.31	406.42	
74.54	424.16	580.26	448.16	278.94	814.71	214.47	683.61	445.12	478.63	209.51	433.91	699.21	385.46	403.44	226.73	592.94	143.67	796.69	790.94	498.96	749.02	575.01	79.20	600.75	818.13	766.64	102.53	528.84	835.95	507.95	602.37	260.11	88.21	50.53	538.05	901.92	264.00	221.66	347.04	741.63	430.17	779.95	440.85	814.63	183.39	666.58	407.57	326.06	463.27	198.51	824.02	212.29	772.51	902.22	812.04	590.65	668.86	913.58	119.48	
504.82	421.53	720.86	763.93	508.74	770.39	301.98	410.66	34.39	522.64	756.70	775.03	951.82	536.65	215.87	766.44	719.04	881.45	174.01	45.10	344.72	371.52	868.12	556.02	144.03	770.35	368.06	733.68	439.21	281.64	852.16	943.03	702.17	573.02	706.96	210.91	343.41	8.94	620.57	376.81	530.58	377.27	151.83	482.39	912.92	366.70	248.84	631.96	248.15	421.85	676.06	591.88	792.37	544.18	147.89	935.40	314.53	514.95	669.08	752.74	
795.59	521.25	695.77	497.76	94.27	402.73	707.67	436.68	410.67	328.23	812.48	940.24	704.50	963.31	422.64	617.42	330.02	670.47	249.38	577.17	92.33	924.44	169.05	883.70	468.63	315.94	819.10	782.16	829.89	488.18	534.90	625.48	9.43	230.67	123.24	102.69	632.40	829.90	538.37	43.07	158.14	350.86	982.31	861.64	314.17	404.95	479.06	643.19	75.42	727.45	220.36	166.75	651.89	388.41	50.44	120.52	703.35	868.54	901.68	533.24	
356.72	436.58	158.72	365.15	666.25	280.96	466.85	298.65	110.86	5.22	340.72	268.00	355.08	323.03	129.64	668.25	726.98	607.70	311.44	801.40	335.15	530.80	967.14	986.04	918.20	17.58	106.57	621.55	885.13	8.25	154.79	241.85	443.83	312.52	606.00	110.08	592.47	72.85	407.73	702.34	77.07	747.45	969.34	431.15	70.48	98.97	99.39	796.46	705.68	409.83	597.86	40.83	939.62	565.00	26.87	857.83	581.58	132.44	479.38	466.71	
139.68	633.18	707.56	582.51	944.69	313.56	691.59	537.17	385.41	99.33	239.50	461.48	845.78	208.84	891.63	915.27	306.81	990.02	711.73	12.49	399.85	309.58	52.32	339.48	873.58	78.19	197.31	455.17	209.63	675.69	920.88	348.32	308.87	628.44	929.83	253.56	941.00	621.42	789.73	326.41	719.74	29.23	786.90	565.52	237.07	678.53	480.79	542.89	668.55	192.52	554.38	68.40	501.10	605.70	406.88	374.68	682.89	603.19	828.84	891.52	
278.88	749.72	239.84	586.75	378.16	169.67	839.31	319.15	790.08	629.04	644.57	509.83	657.27	431.46	75.35	893.34	109.99	555.14	436.23	777.54	746.66	989.61	844.94	247.75	595.31	251.82	621.43	278.21	854.01	450.28	169.73	132.89	200.00	408.57	718.64	577.15	577.24	557.94	895.31	367.32	186.98	539.88	876.15	843.25	970.34	950.50	736.60	80.33	505.64	172.83	856.87	252.30	162.44	701.81	499.05	756.76	952.64	120.49	34.96	806.65	
569.77	203.69	938.54	768.77	611.27	657.18	345.92	188.50	215.12	241.23	554.82	401.10	780.11	430.97	244.35	750.44	381.47	979.95	829.77	886.12	152.78	686.64	138.42	314.22	388.45	636.47	70.98	341.09	755.96	104.94	147.73	325.73	307.63	86.27	94.49	917.90	742.45	439.41	106.40	956.57	679.64	660.23	357.67	459.75	91.20	601.02	210.19	471.68	580.97	39.96	357.79	732.75	725.60	495.21	46.97	114.05	131.68	116.95	454.14	886.64	
220.89	600.87	212.37	527.53	686.15	305.86	445.43	428.60	744.27	550.83	385.16	423.91	211.06	741.83	882.66	301.26	342.86	92.85	771.94	922.83	131.82	129.73	655.58	856.42	623.94	701.55	969.47	754.62	817.50	423.61	641.26	38.40	24.48	852.63	564.92	709.62	158.49	10.35	138.22	901.76	560.18	522.38	325.67	770.24	264.22	208.33	71.50	606.08	300.19	842.44	528.90	431.00	971.16	184.48	287.42	595.10	885.03	256.89	349.72	702.54	
679.49	989.98	739.93	702.97	842.61	304.86	412.60	1.09	314.20	549.82	901.85	873.39	72.20	227.53	643.63	335.42	434.86	714.13	940.50	734.05	556.56	469.40	165.05	527.72	652.88	451.47	122.82	537.92	707.36	471.54	240.46	386.85	461.52	979.39	89.82	304.13	284.24	501.42	304.22	597.45	51.24	206.07	470.84	122.44	432.60	114.46	456.87	866.46	827.59	397.36	600.50	384.15	865.76	764.55	910.87	518.65	216.02	33.70	56.57	922.38	
504.24	296.02	309.23	964.76	275.41	398.05	268.89	558.66	898.47	572.11	156.10	948.71	777.18	625.94	71.16	209.78	739.40	527.03	76.23	566.99	923.39	675.73	950.13	789.15	440.29	861.00	307.80	655.31	893.70	363.37	577.68	397.94	658.39	885.91	362.70	932.80	283.96	630.59	491.45	182.44	202.70	646.56	131.15	978.88	272.50	201.31	188.65	11.90	727.33	263.88	577.89	650.72	938.62	528.02	439.88	378.91	389.02	746.68	34.21	282.72	
110.05	610.89	679.66	767.43	496.81	42.36	700.23	779.77	671.95	191.68	961.20	873.65	837.24	92.35	852.52	109.74	292.66	41.18	120.64	20.00	304.06	697.52	669.72	242.68	225.54	109.60	620.58	613.56	855.28	653.80	895.29	964.32	264.69	574.95	731.76	760.50	616.31	431.99	540.26	288.26	622.67	501.47	161.91	459.91	592.82	14.44	568.65	884.48	54.61	688.29	903.48	357.67	385.81	573.20	599.35	610.35	681.80	219.94	223.91	537.08	
