60
60
18
244     73
 20      4
173     34
419     83
475    190
316     94
400     80
359    107
 48     19
260     52
143     14
133     39
222     88
256     76
 93     27
496    148
341     34
 19      3
254    101
 83     24
446    178
107     21
155     77
439    131
292     87
445    178
279     83
336    168
265     79
139     69
 10      5
282     28
351     70
 65     19
325     65
428    214
240     48
326     97
 97     19
184     92
174     17
409    163
302     90
155     77
432    216
126     50
235     47
485    242
401     40
285     57
391    117
101     30
449    179
120     12
393     78
135     13
134     26
327    163
385     38
 97     19
907     75      309
700     91      294
212     96      623
355     85      508
421     79      624
566     71      675
874     89      277
628     71      383
822     72      518
618     60      246
971     32      281
544     37      617
430     33      281
954     55      284
820     48      280
931     40      696
976     93      201
847     11      267
415     85      263
595     48      242
980     36      583
391     28      540
808     66      326
546     25      317
162     21      527
842     53      590
763     18      318
256     55      367
717     59      423
454     56      369
818     49      610
559     72      278
311     69      463
573     46      278
803     22      587
660     33      634
526     72      252
635     62      410
563     40      563
862     27      316
838     15      203
351     12      644
682     68      232
692     19      284
913     57      474
527     39      312
728     51      526
819     53      476
688     90      627
862     80      589
756     89      264
273     12      509
165     16      429
811     14      637
285     58      372
847     15      255
969     19      272
919     40      490
297     64      670
641     19      495
121.31	110.94	429.23	481.54	94.70	753.09	396.47	715.24	176.08	872.60	348.97	259.73	730.35	6.17	26.29	780.64	67.97	586.92	804.28	951.17	79.67	583.01	979.34	811.93	36.28	192.09	87.75	479.28	711.39	714.95	402.97	831.70	824.89	831.20	313.24	918.59	584.29	708.71	633.83	759.38	581.31	981.80	19.10	311.66	986.96	44.39	92.30	54.93	630.31	895.58	6.10	708.98	478.59	984.43	520.92	513.87	176.52	607.67	992.15	886.91	
322.62	395.12	718.61	147.51	226.33	31.85	66.10	809.62	739.56	698.93	569.00	320.87	680.73	587.10	631.53	667.69	630.49	722.83	721.62	260.80	618.41	726.71	968.78	97.00	711.15	489.70	609.86	886.67	97.37	602.01	773.59	418.99	996.14	492.20	565.51	222.47	523.05	630.61	32.09	262.61	329.54	600.08	582.48	10.26	187.18	214.01	676.95	816.67	935.84	398.57	77.46	554.26	125.28	46.24	650.26	835.43	534.94	260.12	722.10	631.31	
861.14	495.69	50.31	857.28	986.89	614.81	79.74	509.94	245.42	110.83	771.55	573.96	709.91	354.03	583.22	896.09	567.04	260.17	712.75	502.89	657.74	789.22	57.15	782.02	834.46	706.40	617.45	369.40	965.53	339.56	999.72	826.66	834.25	50.02	683.94	821.13	663.83	762.68	331.07	908.26	872.51	102.62	482.21	582.42	455.65	65.44	478.50	22.69	324.61	191.26	524.58	981.35	979.47	580.73	763.37	813.94	287.13	380.83	183.34	252.65	
719.39	183.05	79.32	553.63	232.07	762.25	374.77	894.91	524.93	704.84	803.17	397.44	806.46	285.38	978.86	262.10	349.82	457.36	283.80	673.42	647.62	807.38	654.77	627.09	388.10	418.15	441.03	674.23	797.97	623.36	925.89	517.36	805.42	5.20	70.99	37.49	766.46	444.76	931.40	291.39	149.60	734.57	687.83	955.05	19.95	666.69	217.16	368.76	124.05	499.95	42.19	770.66	307.33	695.96	397.75	694.43	114.10	837.78	368.67	911.08	
461.14	294.55	428.44	266.56	298.76	498.43	303.05	65.21	942.20	234.45	355.61	91.79	968.02	43.44	46.85	986.97	709.13	263.00	355.73	832.17	761.96	396.92	602.84	69.29	92.88	999.59	762.72	205.98	837.37	131.39	117.06	298.52	424.94	544.50	564.08	722.70	42.93	866.13	786.91	984.13	100.58	142.51	75.92	68.60	184.95	121.77	55.57	893.08	383.77	410.31	725.25	145.73	806.22	328.09	214.01	898.10	327.69	975.73	104.08	165.06	
107.12	220.14	462.57	531.06	763.64	26.65	253.75	805.57	891.78	40.66	789.70	991.36	182.18	864.63	59.97	366.13	985.39	114.54	259.21	369.16	523.85	983.46	513.89	330.07	311.56	726.90	228.17	638.24	702.64	331.25	802.30	808.75	550.39	264.88	339.81	314.03	290.53	592.57	119.60	182.31	632.23	908.30	173.67	813.41	772.93	232.64	179.54	758.32	346.18	437.75	127.48	869.03	421.22	640.37	199.10	731.78	367.27	426.27	370.02	69.91	
756.52	172.32	877.66	306.91	436.19	217.48	619.94	725.72	809.04	738.53	907.03	441.28	646.84	80.70	254.69	419.76	312.34	433.23	178.08	657.52	869.98	304.57	526.55	291.20	943.94	724.66	22.98	311.21	150.93	391.99	380.12	906.45	563.31	257.78	213.36	998.51	474.25	832.30	724.23	283.30	570.83	631.25	723.58	217.67	710.95	977.26	636.43	23.29	410.49	813.52	679.81	280.48	118.08	206.37	570.68	62.02	930.02	592.66	372.23	80.95	
983.65	751.34	986.41	546.96	9.12	199.77	545.47	482.37	32.06	269.69	764.67	601.90	899.95	488.25	818.57	610.90	465.52	455.00	633.19	875.01	268.51	313.00	155.49	385.59	518.37	725.17	446.61	448.40	317.82	817.84	528.35	301.48	569.18	514.76	847.44	577.30	713.52	392.91	59.67	744.59	661.60	823.35	346.48	561.55	311.60	165.05	172.44	776.11	619.05	804.63	651.12	886.56	117.64	805.61	272.15	635.01	530.78	717.76	83.40	847.61	
535.60	610.75	149.08	104.77	125.51	995.52	681.07	838.03	388.43	739.74	582.62	50.02	563.09	928.10	610.57	873.69	93.15	782.01	649.80	711.20	586.64	300.92	597.76	703.28	106.54	868.91	338.29	636.32	586.67	420.69	483.92	122.27	31.44	632.00	226.05	155.94	627.52	906.12	992.97	15.95	645.86	575.59	64.97	208.95	503.69	674.54	82.63	595.84	456.56	731.43	307.04	43.20	32.36	903.79	745.48	137.89	772.71	83.77	773.21	359.38	
503.45	257.13	480.65	533.89	888.13	705.70	688.84	515.66	611.82	681.81	530.60	257.68	257.40	594.58	465.63	760.08	269.12	547.26	355.92	724.68	278.69	661.96	766.88	310.05	565.75	512.36	446.94	338.46	595.13	220.15	696.84	98.58	476.28	177.49	631.47	364.41	882.19	320.31	879.07	494.01	2.12	409.67	750.68	258.51	4.25	216.31	18.60	272.37	762.57	373.52	996.05	41.26	35.48	762.92	350.31	600.23	275.28	796.26	937.69	869.41	
16.41	634.53	966.99	491.69	811.02	598.46	855.10	693.21	917.77	734.17	187.22	918.88	143.84	936.91	177.39	147.09	153.21	194.99	418.46	914.78	567.51	414.51	955.05	601.99	177.43	305.36	202.22	451.72	101.62	139.91	321.13	117.03	773.44	288.11	607.71	584.46	885.57	462.81	277.68	803.34	196.98	463.90	722.22	339.83	400.80	898.62	485.92	553.02	93.61	903.38	467.80	660.11	317.89	422.85	262.10	494.33	727.21	463.32	945.04	827.83	
602.22	266.17	943.86	375.66	553.28	551.57	959.12	438.85	14.39	236.80	242.19	210.37	699.70	963.42	549.20	100.50	862.03	35.12	652.52	954.64	937.50	120.32	614.75	255.39	542.17	875.85	748.71	269.38	339.17	693.76	97.21	940.39	958.92	41.07	316.05	512.20	591.64	275.18	950.06	605.03	510.98	192.25	814.40	210.68	155.67	363.59	310.18	17.70	397.71	961.70	971.35	335.21	82.02	586.10	589.59	623.19	461.95	338.31	891.57	800.12	
32.06	987.78	740.51	989.99	28.85	56.57	502.19	619.49	330.74	452.25	224.52	840.72	643.50	38.91	51.40	798.17	401.50	360.58	814.87	798.21	322.27	786.22	133.42	403.29	372.32	722.01	26.48	833.27	60.32	917.04	633.39	91.38	904.82	373.90	81.37	932.67	429.47	582.56	552.16	759.21	34.81	775.67	599.94	677.31	813.59	650.34	475.47	215.09	10.91	290.35	13.30	332.19	76.57	145.72	734.48	447.88	866.73	759.96	281.15	926.05	
677.00	913.54	17.44	581.82	287.45	97.81	514.49	715.92	679.37	66.65	475.13	713.18	841.32	75.07	390.49	654.91	724.40	864.96	869.00	734.32	155.31	881.30	66.51	230.87	27.02	799.99	677.76	892.76	559.94	957.91	818.81	236.94	871.45	835.25	817.77	158.90	932.06	332.26	873.82	611.43	397.91	348.95	324.61	239.23	423.01	714.10	893.14	147.42	579.06	762.14	880.73	733.37	643.44	946.24	963.24	669.47	746.23	641.00	562.22	306.17	
598.91	381.04	542.11	470.36	216.29	359.88	628.27	148.35	691.14	502.09	758.78	89.04	850.03	83.39	327.27	273.05	796.49	220.41	419.46	375.55	981.55	300.20	108.92	625.00	246.44	72.16	294.46	991.66	712.16	855.69	297.83	311.06	236.72	838.94	780.43	452.01	198.82	408.69	599.36	888.96	909.78	358.14	977.00	759.81	440.53	304.27	32.86	237.03	523.69	451.32	611.58	505.24	750.52	719.49	130.24	995.96	790.65	423.70	987.62	502.81	
279.39	285.45	812.87	515.11	124.39	593.30	966.12	322.21	1.99	565.48	211.17	910.77	922.62	188.17	670.58	363.16	491.45	702.44	599.18	15.13	153.76	210.76	519.38	903.28	929.25	648.61	899.24	719.90	72.32	886.86	222.70	350.70	172.31	35.57	864.81	295.70	627.87	830.94	616.91	628.86	396.42	827.09	539.62	319.04	15.26	210.20	681.20	505.71	911.64	280.38	519.84	65.40	490.13	39.21	967.69	419.38	686.83	866.92	139.28	758.14	
753.78	360.99	108.85	925.09	395.56	972.66	220.79	23.43	803.60	836.70	651.29	200.02	663.79	190.91	518.06	678.04	400.12	199.25	183.75	311.76	478.63	702.59	376.16	967.77	740.80	343.84	387.15	427.63	210.77	525.43	185.78	963.55	885.42	293.62	888.64	280.98	266.28	109.42	303.42	69.88	945.12	953.71	268.90	608.91	144.62	785.96	286.95	543.74	984.21	469.70	854.49	462.85	172.29	230.65	430.61	912.09	573.49	816.77	339.72	783.26	
342.20	524.50	746.81	227.62	817.12	635.45	507.61	83.41	743.87	810.02	152.29	689.00	763.73	420.19	297.91	907.35	206.15	583.86	451.08	190.36	53.56	305.58	652.21	224.85	535.23	82.82	136.94	108.72	898.59	475.67	890.98	240.79	999.17	637.79	467.41	816.29	273.24	974.02	898.70	17.11	784.04	50.99	705.11	547.77	470.18	3.01	455.12	675.33	585.87	905.20	864.70	638.43	210.78	516.91	862.29	745.00	598.73	998.23	852.72	497.32	
473.90	743.70	737.11	473.07	381.49	204.52	289.36	653.73	178.54	188.06	669.84	961.58	238.05	374.94	509.35	707.24	376.96	963.46	382.57	961.83	868.66	247.26	600.27	79.44	763.17	462.55	823.44	361.90	460.78	676.16	858.22	933.68	419.86	595.33	406.76	800.35	798.85	695.12	454.07	976.39	882.18	123.91	937.96	120.24	497.85	447.31	826.47	873.81	410.77	209.04	835.64	279.43	455.30	435.91	357.87	218.47	897.46	181.31	579.37	358.25	
856.47	437.59	291.93	276.33	32.92	697.69	76.67	830.77	392.81	529.74	807.16	274.99	652.65	745.12	394.22	150.51	192.43	220.70	24.32	602.20	428.73	858.96	880.63	883.04	294.87	238.50	101.51	192.33	418.81	679.88	549.58	275.28	117.48	840.51	550.60	149.40	538.19	626.28	979.17	930.00	156.02	786.32	204.99	807.67	531.44	598.21	957.18	722.87	817.91	980.49	325.07	246.64	839.45	205.70	129.68	134.32	443.20	230.19	325.65	861.01	
909.07	874.23	136.29	26.54	714.73	685.89	174.94	252.93	312.17	154.11	182.92	467.19	939.43	386.91	274.86	470.87	984.12	232.03	193.74	802.03	212.53	517.81	48.67	51.98	722.51	177.35	185.30	165.71	406.53	509.95	26.72	315.60	384.18	162.01	341.14	98.91	846.90	515.08	350.84	159.07	668.19	532.76	625.25	607.62	918.67	899.11	78.49	902.80	131.14	271.24	704.82	342.67	788.05	752.49	393.65	510.55	928.84	577.95	675.26	335.37	
87.90	700.98	649.97	471.07	861.99	990.11	568.98	708.89	505.20	918.82	866.95	173.39	451.58	492.21	780.01	370.25	391.32	857.50	273.05	521.46	128.74	976.87	863.13	915.78	729.37	256.77	426.34	658.21	833.72	101.60	992.58	920.62	801.59	642.55	391.69	663.58	632.66	959.67	372.47	137.86	878.49	239.42	310.24	330.07	730.63	90.25	699.33	121.94	946.75	971.37	642.40	75.49	948.25	505.53	990.28	677.61	761.30	416.62	335.82	595.02	
517.22	328.40	515.64	318.81	969.94	906.33	981.38	602.60	866.00	353.85	739.46	744.49	592.27	49.70	74.57	322.90	138.95	772.89	443.84	85.70	744.27	86.24	160.20	692.52	590.76	150.48	370.13	352.06	566.09	704.95	946.08	83.32	33.35	461.72	401.12	3.29	368.04	382.51	604.89	234.04	735.36	344.35	977.54	327.62	393.05	52.11	649.52	531.00	824.00	93.36	615.70	568.27	178.59	774.90	260.79	768.35	924.37	629.92	120.41	490.47	
334.86	66.49	572.78	367.21	527.21	972.91	369.50	894.25	355.41	973.39	128.30	90.77	317.73	105.83	417.39	709.78	156.94	66.91	240.77	979.94	159.27	855.47	548.21	336.86	630.37	807.99	105.21	554.75	437.91	224.63	45.21	771.77	290.12	617.00	138.98	816.33	589.91	507.48	710.59	944.32	480.87	837.89	35.09	797.60	942.72	451.48	507.38	99.66	517.39	747.15	79.60	675.66	602.62	626.81	12.52	232.99	434.80	116.74	786.74	871.71	
340.37	830.95	643.48	629.49	447.95	781.46	445.82	37.86	288.94	156.41	981.18	768.81	993.30	16.27	566.41	936.02	466.75	73.78	35.68	983.14	819.93	114.28	658.80	422.55	740.09	670.33	654.55	174.89	786.06	441.29	46.60	126.43	272.24	689.08	754.92	719.20	470.54	200.74	756.06	758.49	356.16	737.24	527.30	349.46	752.50	93.71	285.48	219.25	166.49	320.16	202.40	985.42	433.44	860.20	407.98	173.53	530.53	62.52	347.42	316.59	
502.81	393.01	442.02	774.05	82.09	196.94	493.25	551.64	396.69	249.31	310.13	751.85	985.54	836.42	101.30	738.05	929.13	385.78	956.30	95.62	704.94	158.70	81.04	138.38	18.90	488.02	310.91	548.43	549.54	657.32	864.03	52.35	50.34	306.05	825.41	131.43	501.99	318.66	682.07	897.68	566.96	991.20	649.53	552.50	827.62	749.83	290.55	756.75	135.61	246.85	851.37	839.55	404.55	931.41	976.93	422.45	419.43	287.84	969.88	967.97	
944.16	833.91	20.32	993.50	139.96	844.73	124.93	640.95	163.38	806.00	538.63	729.34	797.19	188.16	281.85	624.81	936.99	571.39	381.56	72.60	817.25	232.93	911.16	221.79	164.34	888.09	643.25	582.77	175.93	613.13	550.74	120.09	447.04	570.06	113.59	586.00	414.78	237.52	226.95	577.17	43.52	764.58	306.51	839.71	951.74	587.35	464.53	888.73	158.75	845.09	960.33	974.99	78.03	871.49	196.79	241.37	759.58	839.04	823.14	934.51	
452.17	373.88	54.60	898.21	942.94	167.19	484.21	357.72	403.72	710.16	933.89	446.23	474.74	240.40	285.95	426.48	826.75	749.47	315.21	984.50	594.57	275.54	959.49	671.59	147.03	156.28	911.96	905.62	994.32	735.11	840.13	446.48	108.99	893.73	344.69	51.93	60.93	827.90	408.65	463.64	538.05	342.54	908.88	12.79	581.94	194.82	438.27	408.69	943.30	752.48	393.19	537.86	28.02	352.68	209.46	174.06	507.97	121.42	79.67	502.29	
855.53	918.80	947.77	963.52	812.53	292.46	15.45	872.46	120.36	423.10	336.10	657.41	764.64	244.98	669.20	346.58	438.80	107.47	754.27	382.10	858.95	147.46	918.96	885.97	499.15	128.42	60.03	7.11	248.84	138.70	508.40	104.37	57.50	456.17	67.88	869.04	747.63	82.33	741.49	866.98	504.43	77.60	524.39	269.07	321.57	193.60	614.65	759.37	300.07	368.92	141.47	159.02	515.38	60.43	44.99	14.52	187.85	104.02	20.64	435.69	
241.72	528.03	539.05	298.23	983.20	605.94	167.26	730.83	687.26	907.76	597.81	191.69	984.35	122.20	459.76	305.93	314.80	74.41	65.30	613.87	442.32	205.77	771.89	956.70	265.20	815.88	970.22	452.05	918.91	989.86	886.73	160.63	517.89	425.79	457.86	501.09	31.72	624.12	231.92	717.99	531.88	828.73	908.68	516.23	949.93	368.44	821.16	264.73	441.84	885.46	877.60	883.17	91.23	649.49	839.87	355.42	465.38	810.09	806.47	384.28	
799.95	693.20	543.92	317.84	118.99	1.77	817.93	149.71	624.90	49.84	866.70	156.78	877.57	775.38	672.01	827.50	143.82	493.17	92.23	584.66	378.63	968.83	467.83	468.86	618.32	307.70	823.28	83.70	117.79	629.75	466.99	916.73	322.95	10.90	234.57	440.94	11.68	52.50	589.65	635.57	101.35	456.36	791.35	977.92	231.74	463.37	805.42	374.56	955.54	896.65	958.22	334.17	865.48	426.05	802.03	483.80	732.75	625.31	566.51	849.54	
255.07	33.49	766.27	577.02	43.39	999.85	17.96	54.07	52.35	606.61	688.64	152.69	62.97	480.00	130.61	293.71	942.36	935.03	667.26	897.90	831.67	625.49	232.08	697.15	51.54	34.11	180.96	783.29	658.42	746.46	632.83	912.49	778.95	399.10	489.51	821.35	398.94	506.47	874.42	450.29	113.08	563.06	601.99	175.05	43.06	731.60	467.76	984.42	666.62	135.02	882.32	498.30	759.51	114.39	195.45	810.05	147.50	375.41	593.34	804.93	
121.87	226.16	717.41	899.83	624.26	206.92	721.17	23.20	712.38	595.59	472.49	824.46	158.65	74.48	998.51	200.70	805.08	466.27	185.12	471.70	600.29	67.44	969.00	359.80	180.83	164.45	169.85	327.34	538.86	762.19	132.26	659.73	987.35	848.67	559.56	611.61	55.59	280.73	633.82	766.98	875.32	106.31	591.44	33.97	179.79	589.96	233.67	983.87	56.23	417.79	455.57	655.52	484.23	424.57	15.32	664.06	588.02	184.17	990.40	126.89	
945.35	122.66	785.62	932.70	970.34	345.18	544.31	25.93	624.91	178.13	791.91	500.23	283.44	383.35	533.20	462.23	972.31	765.87	446.10	28.53	183.67	900.66	683.05	666.90	325.23	697.37	330.96	912.26	880.54	321.36	39.14	825.89	443.02	823.76	758.60	413.36	168.94	302.91	438.29	792.85	480.04	230.20	293.09	762.48	612.55	825.29	224.71	584.85	591.17	669.81	612.39	773.83	570.47	295.44	440.73	894.70	991.81	770.69	806.96	872.35	
92.06	845.10	698.25	534.08	668.86	456.84	946.44	836.80	758.75	384.73	629.66	238.80	613.93	921.75	1.28	226.48	747.04	224.99	810.33	338.20	893.79	422.72	112.04	464.26	717.16	551.77	358.97	708.97	322.46	165.92	581.32	413.51	11.02	279.57	946.59	678.89	735.41	893.04	515.69	494.16	277.77	145.35	731.96	890.69	67.10	732.24	117.17	813.13	956.23	926.50	151.34	850.02	349.21	262.37	314.28	66.37	813.14	672.25	774.34	135.60	
837.18	355.66	548.11	847.20	634.22	494.70	526.09	369.63	387.74	41.78	862.79	664.51	186.13	594.75	555.20	252.22	326.99	671.37	65.36	283.21	597.87	215.69	133.23	946.08	477.07	446.52	12.45	290.20	118.77	785.79	424.80	954.95	141.45	971.91	802.15	774.68	466.62	328.23	144.31	853.36	369.01	7.10	517.86	554.14	600.85	73.06	805.36	926.84	743.43	869.72	210.06	341.30	85.41	342.29	287.39	561.48	787.81	298.84	850.68	905.58	
84.64	275.48	860.53	225.09	247.39	662.67	998.77	713.01	989.91	143.08	566.36	358.92	149.18	84.23	912.05	749.03	156.29	717.41	675.88	898.73	587.13	884.93	240.03	671.54	227.22	526.42	233.01	15.04	824.26	83.69	919.62	907.89	358.18	780.15	132.98	604.57	442.82	131.75	317.58	432.73	273.82	882.94	790.65	422.00	966.17	702.70	171.03	122.46	420.11	845.91	21.18	7.24	730.84	260.21	677.78	957.07	785.63	909.79	971.10	609.89	
992.48	890.72	517.78	350.66	670.87	649.76	954.23	113.69	780.51	271.80	545.42	54.34	154.74	336.06	475.34	120.91	38.76	645.37	242.36	457.87	491.28	262.55	464.11	222.12	521.76	141.89	179.19	307.39	51.68	150.29	916.27	44.16	41.02	434.05	393.82	710.88	83.81	348.05	823.57	863.33	618.85	368.99	916.66	772.59	704.05	392.00	892.50	741.82	37.37	134.87	199.69	527.66	396.41	662.80	748.78	917.17	803.69	926.97	224.56	854.37	
77.27	140.83	897.53	117.28	573.88	291.35	827.17	656.69	638.40	650.74	520.02	257.25	19.73	436.68	29.84	722.79	827.69	921.35	464.60	864.06	56.21	663.29	391.72	451.63	326.09	140.50	368.80	129.78	67.47	592.36	983.15	143.74	732.19	880.67	260.03	306.07	172.02	87.19	961.76	809.42	736.94	481.78	66.67	755.67	917.46	95.51	478.45	745.15	16.86	942.06	609.21	72.07	605.35	999.93	522.70	930.44	140.43	890.50	60.22	206.90	
482.85	43.37	349.65	215.04	923.04	608.67	520.11	95.06	694.87	481.87	903.48	431.80	962.65	969.15	187.47	880.11	64.66	664.92	625.26	80.51	606.98	234.47	151.58	212.33	234.40	673.28	142.77	373.83	563.78	201.99	579.73	46.63	244.36	928.38	260.67	167.41	537.05	779.78	261.47	231.92	261.64	164.95	662.72	224.29	134.10	849.19	104.40	197.76	514.12	728.66	277.27	121.10	962.13	427.85	332.43	196.53	101.13	474.20	569.36	663.91	
675.19	149.10	709.54	918.56	77.48	969.21	85.97	613.53	748.99	346.44	844.45	10.64	510.39	507.18	233.93	643.49	356.37	337.33	840.25	869.49	65.99	117.52	989.59	28.12	544.38	322.02	223.65	644.51	795.22	792.02	308.42	470.41	940.12	17.96	388.97	17.59	986.17	473.94	630.13	735.17	819.38	474.58	744.80	329.78	980.76	977.73	972.27	337.13	315.06	812.52	206.62	380.05	929.05	196.21	407.17	473.43	517.23	629.82	117.94	312.45	
421.84	425.36	781.87	361.96	442.32	170.84	378.55	428.49	643.78	8.68	163.66	463.17	482.26	907.46	791.94	463.02	885.19	764.21	799.15	200.25	576.73	5.77	579.30	505.78	200.99	985.46	978.21	717.22	615.29	96.14	29.67	37.13	520.50	810.54	398.09	961.82	980.38	775.64	390.31	624.17	783.32	552.97	87.33	265.58	460.44	878.27	727.60	345.63	642.48	526.75	544.88	219.22	531.52	124.17	724.00	731.51	109.64	702.20	448.73	723.93	
797.35	477.40	760.05	317.85	287.94	158.14	279.67	268.33	932.78	668.98	891.49	716.09	221.96	977.83	980.67	681.39	856.10	708.27	27.02	498.58	235.01	570.90	716.80	765.53	694.07	440.80	497.04	802.71	143.00	944.77	526.64	939.34	422.17	286.69	257.19	709.11	443.83	535.86	976.44	376.61	204.84	867.93	92.70	425.80	845.76	73.38	107.19	701.86	780.64	133.21	200.44	15.66	703.11	916.24	780.19	397.18	357.03	277.23	199.89	499.03	
222.00	725.52	438.38	643.17	12.21	694.57	352.28	455.04	230.43	328.72	830.65	434.27	196.65	922.35	859.06	42.41	994.73	965.25	743.26	775.37	98.46	942.70	790.03	800.56	858.94	570.22	197.74	215.97	846.46	396.63	714.01	68.46	122.15	152.38	710.63	133.36	845.95	62.91	587.41	76.38	390.63	418.06	509.65	586.28	340.41	368.71	627.69	335.14	333.96	370.95	110.52	431.42	313.66	899.55	231.98	172.60	469.77	428.72	387.57	316.23	
824.35	101.58	383.68	945.50	252.96	94.31	78.86	98.92	156.22	665.27	174.30	545.85	83.33	682.95	132.13	422.74	51.66	758.82	756.89	384.62	129.78	866.40	815.04	442.44	765.95	47.02	614.03	235.72	474.74	1.61	550.95	299.10	102.19	933.63	244.60	354.15	27.94	322.46	452.07	183.16	986.73	625.37	728.02	70.06	308.31	859.15	491.80	358.97	617.97	248.69	742.59	746.75	115.09	557.63	189.18	880.04	603.65	802.22	115.77	78.39	
802.83	665.71	376.49	904.02	599.35	620.08	258.17	626.29	941.54	709.24	808.46	928.28	334.61	536.47	997.34	641.92	395.62	489.14	999.89	13.59	736.83	742.48	759.34	850.93	300.10	947.52	730.97	902.75	749.74	845.74	980.14	552.57	511.45	356.63	456.59	110.80	975.71	713.75	736.09	917.26	422.99	544.54	845.53	756.60	81.01	842.87	398.52	475.63	332.01	398.41	488.22	68.84	140.89	247.56	918.77	439.99	195.09	649.74	342.74	943.83	
495.47	322.89	496.40	6.92	678.52	951.98	116.72	654.23	665.74	851.81	571.48	88.73	396.35	417.02	844.33	476.36	259.89	242.85	950.99	590.90	640.26	439.22	658.74	780.15	685.78	577.51	220.14	879.87	227.24	561.89	823.69	721.72	883.77	320.09	727.64	562.29	272.07	843.36	216.52	936.81	695.17	787.00	25.54	91.52	204.02	868.87	566.88	462.90	111.73	517.87	53.80	750.99	956.09	711.54	531.14	641.87	289.05	750.29	521.74	515.29	
312.17	345.43	237.01	195.95	664.52	963.65	757.23	935.60	807.01	972.75	872.41	502.17	759.75	896.95	592.69	962.77	765.82	159.57	425.67	876.55	676.44	478.47	627.54	632.53	190.01	158.69	274.40	478.06	907.97	795.14	992.35	220.15	140.57	229.35	415.10	804.09	193.00	172.33	739.69	999.01	145.08	612.09	501.18	903.83	509.04	93.87	866.60	274.87	252.44	292.27	151.42	927.88	769.75	777.96	560.41	958.76	935.65	833.81	436.82	843.63	
628.95	429.16	63.77	768.51	657.52	477.87	572.60	849.52	649.20	312.29	848.52	793.28	923.38	349.71	697.11	432.42	442.58	563.71	706.29	694.02	854.99	856.71	621.89	624.73	634.67	182.30	583.49	570.32	16.11	20.31	413.95	644.06	448.47	476.72	412.57	105.99	953.59	984.18	954.50	602.79	296.46	803.03	396.07	219.85	152.73	93.18	651.27	594.31	655.89	357.56	288.33	510.88	214.27	909.22	135.61	847.94	91.52	718.11	418.26	106.63	
737.41	831.20	749.69	185.88	307.92	162.27	290.87	261.51	146.44	245.37	863.30	441.91	48.40	259.37	660.75	200.13	351.55	312.02	793.44	7.45	668.58	81.76	517.33	881.84	989.98	651.94	729.78	81.51	370.05	148.04	187.14	107.46	978.24	935.84	292.35	286.16	98.10	582.22	546.67	243.54	826.59	409.97	684.45	873.99	668.35	345.20	74.12	19.90	656.23	866.55	26.35	324.80	947.32	542.67	206.65	937.30	194.62	935.43	18.81	563.66	
83.46	204.95	670.13	61.70	140.79	961.47	346.86	237.89	543.69	892.53	480.44	370.28	302.50	164.89	244.26	969.85	509.09	317.38	988.75	165.32	183.93	15.10	489.12	131.25	556.77	694.77	68.55	750.39	630.19	86.37	314.05	712.66	290.32	983.18	773.36	430.11	944.65	120.21	667.00	488.34	12.75	147.43	857.62	314.25	311.32	101.88	284.10	819.42	418.26	272.85	983.73	601.20	286.95	472.86	731.45	842.72	167.62	799.01	593.10	796.82	
884.37	906.15	509.48	174.69	889.33	282.83	603.80	833.98	402.05	270.79	322.32	413.79	417.23	179.94	727.04	727.55	280.83	11.14	546.97	698.09	282.99	530.70	299.29	568.94	3.55	30.74	411.65	170.18	828.75	4.76	966.00	713.12	909.91	475.47	886.81	799.25	757.30	490.60	633.23	159.35	760.40	954.55	572.14	177.63	134.50	299.18	904.18	414.33	309.32	451.14	112.42	591.32	980.84	410.71	160.25	983.40	440.45	570.91	153.57	269.20	
574.67	119.57	981.32	484.58	594.04	868.13	283.83	351.35	358.73	916.06	509.70	119.13	870.61	81.84	295.75	5.11	380.02	199.93	418.43	688.34	650.07	529.85	279.66	630.91	939.56	438.91	614.31	380.02	9.82	766.88	648.22	583.49	885.46	629.54	68.07	479.50	497.66	350.90	829.85	855.39	266.95	339.54	973.52	137.56	420.38	269.27	141.67	799.40	468.19	559.10	487.74	118.26	88.95	766.40	748.18	28.51	205.31	362.48	407.53	214.14	
129.37	55.74	796.62	14.82	684.28	863.69	493.32	181.94	214.59	323.17	37.33	480.54	661.71	10.85	617.10	82.09	279.12	757.77	880.49	746.31	316.87	368.24	863.58	404.82	134.64	611.75	432.33	338.95	973.24	838.86	552.09	102.61	893.60	348.71	116.43	577.88	212.41	608.75	758.82	426.00	930.92	795.15	905.54	592.63	805.00	522.64	673.72	84.12	280.42	554.22	829.43	596.29	921.45	693.01	1.11	56.09	304.76	432.44	394.04	278.00	
271.30	945.13	379.61	164.90	293.85	495.03	741.78	505.25	103.78	500.60	930.25	34.70	295.75	835.79	626.34	100.76	358.44	300.06	183.88	637.85	853.28	13.31	234.14	774.73	705.32	234.25	829.82	10.08	665.68	223.87	287.08	935.98	169.00	665.69	100.88	461.85	160.72	841.65	966.10	263.51	342.25	896.35	297.21	637.00	732.14	922.55	736.76	90.58	222.61	919.64	727.43	75.89	931.95	960.57	849.62	637.27	194.82	679.44	646.35	859.50	
902.31	932.43	795.48	71.31	598.12	895.36	532.16	757.84	737.01	498.26	21.35	79.26	394.62	317.56	715.26	126.76	240.11	452.02	216.34	461.71	371.65	942.77	536.60	303.60	903.34	386.22	939.86	98.16	65.66	586.21	956.66	966.97	518.65	752.14	38.28	116.77	647.50	569.44	873.61	384.51	67.71	893.95	462.76	461.32	211.51	178.02	587.08	450.62	629.04	802.42	911.33	999.69	745.19	447.93	303.29	648.53	833.16	243.16	745.68	897.82	
828.37	702.34	864.79	347.02	454.48	902.08	462.78	101.97	471.52	336.39	485.48	538.23	230.34	947.24	998.55	440.86	125.27	585.63	890.47	753.31	388.04	801.81	753.00	133.23	249.74	56.29	780.76	82.90	298.45	526.45	979.72	126.82	228.79	844.51	472.83	682.26	746.59	934.62	783.24	218.11	271.01	268.72	755.34	500.35	215.96	753.88	940.21	340.23	339.51	830.68	93.54	726.56	632.49	845.54	858.79	881.23	900.84	639.55	963.13	199.28	
166.00	942.84	325.10	393.78	787.36	796.94	76.05	533.95	731.55	858.28	751.06	2.56	127.00	506.40	501.91	341.97	260.28	442.12	681.20	598.79	272.80	773.74	325.35	904.29	619.29	184.14	785.51	520.12	822.69	748.64	718.41	987.68	691.49	43.51	381.46	478.84	839.44	456.51	12.79	570.99	314.79	762.85	572.55	440.79	269.24	74.46	781.76	528.52	515.58	462.96	127.32	787.38	236.70	451.66	691.66	854.99	634.80	477.18	375.11	457.48	
225.82	93.51	445.16	916.30	136.02	825.63	395.14	974.46	282.13	406.93	545.46	595.92	169.78	118.01	36.72	438.03	191.47	817.48	965.55	706.05	280.44	92.87	493.43	516.14	543.53	185.09	371.13	178.33	661.27	745.24	634.81	886.08	837.75	79.98	802.39	972.77	904.60	197.53	947.23	186.74	603.47	492.69	781.66	772.25	609.70	817.38	210.27	800.17	634.86	175.82	506.22	914.30	267.69	998.65	430.44	810.22	183.74	800.57	987.55	844.01	
545.80	622.36	730.09	383.55	701.34	532.48	356.32	605.94	729.01	303.56	791.68	332.48	795.25	573.34	104.72	404.94	390.72	313.99	205.11	25.58	488.82	710.33	938.88	755.50	708.98	369.32	565.72	891.72	169.89	553.27	735.73	714.69	175.63	465.82	98.24	875.97	997.30	453.57	481.91	726.31	756.12	273.59	58.79	551.37	845.94	162.51	955.31	236.66	475.50	160.43	261.25	963.32	869.76	200.13	718.82	578.74	568.45	284.54	470.46	737.34	
