70
70
42
164     65
343    102
422    126
187     74
157     62
111     55
370    185
203     60
146     58
192     38
393    196
157     47
339    169
121     24
478    143
295    118
 49     24
251    125
388    116
 51      5
216     64
364     72
388     38
115     11
284    142
145     43
330    165
201     60
273     27
380    190
190     19
487     97
129     38
295     59
271     81
 50     15
 93     37
 63     31
183     73
110     44
283     56
450     90
248     99
483     48
452     90
473    189
248    124
467    233
408    122
479     95
203     20
156     62
250    100
363    145
 88     17
100     40
419     41
185     92
189     18
389    194
241     72
379    189
425    170
451     45
212    106
117     23
168     33
404     40
183     18
437    131
807     55      358
163     49      542
111     87      205
577     72      596
817     33      400
834     25      473
158     11      250
429     97      227
330     19      327
689     24      676
705     13      532
801     96      205
653     34      699
746     55      696
130     78      605
460     71      468
414     30      431
201     55      335
993     32      626
411     66      330
883     27      456
341     64      371
562     71      346
678     32      206
799     26      588
221     92      654
760     35      389
219     49      269
533     10      450
505     89      247
794     72      209
994     28      354
684     32      589
225     61      461
466     16      497
485     10      536
978     61      480
585     15      547
386     78      563
628     27      354
519     91      268
280     40      394
968     59      359
888     38      266
561     90      389
954     54      264
554     39      280
154     16      366
438     45      646
507     16      206
113     11      242
448     37      402
310     87      377
223     10      635
789     51      408
374     22      512
192     36      588
782     74      597
251     48      581
254     97      585
962     44      390
660     53      336
451     76      238
642     89      526
290     43      598
285     24      535
336     27      361
284     60      624
258     11      628
737     31      223
881.38	417.34	929.64	943.71	339.77	1.23	951.26	333.17	73.88	893.64	212.06	983.88	81.93	98.79	774.21	960.40	100.86	107.98	607.88	883.27	673.22	118.26	453.45	385.90	998.24	623.53	969.35	60.07	304.66	831.73	35.57	186.04	249.07	964.21	129.75	587.83	964.44	81.00	920.00	38.32	973.65	132.06	22.20	55.58	229.85	795.40	15.98	329.71	902.39	622.85	212.98	575.61	740.11	665.43	960.51	738.35	288.96	929.86	797.42	592.62	761.59	831.99	777.66	10.65	796.20	906.40	597.49	760.64	986.41	517.48	
797.96	960.05	648.54	819.16	15.63	877.40	614.56	30.61	207.11	516.95	652.46	419.09	92.56	392.57	84.52	53.07	130.92	372.49	981.94	927.34	964.11	743.52	759.33	741.76	753.18	555.53	648.17	350.66	316.17	634.57	867.15	114.13	594.63	515.69	932.29	609.26	393.09	546.85	638.87	599.20	63.81	291.33	18.29	155.37	682.90	101.81	207.44	812.82	473.30	189.37	740.16	437.41	931.90	499.49	179.17	685.08	55.02	826.34	35.74	370.19	460.91	901.89	483.33	55.54	417.58	415.62	663.80	809.67	961.47	302.67	
408.86	25.28	593.00	426.16	179.64	275.91	526.97	386.08	88.73	999.27	574.46	827.90	436.68	506.36	327.39	614.86	191.43	381.41	441.19	226.18	750.60	901.11	128.07	233.93	955.64	544.64	648.55	619.44	354.31	610.02	921.11	762.18	634.30	514.12	188.33	812.94	789.02	714.30	199.02	876.76	713.57	772.48	704.65	150.26	278.84	32.04	764.11	469.28	412.45	205.31	694.45	163.05	106.41	821.52	395.98	62.06	366.16	44.53	680.50	719.47	653.54	601.61	481.65	287.84	115.72	668.98	100.78	903.75	383.28	298.81	
780.50	96.86	71.29	485.16	246.11	349.13	516.20	10.23	817.40	927.65	214.53	511.85	90.70	319.95	333.37	485.69	381.00	698.53	529.21	61.50	418.01	182.76	662.11	898.66	469.60	776.83	567.64	569.38	680.58	949.92	867.18	461.08	46.78	937.47	945.24	291.89	286.60	461.44	301.12	104.00	389.09	514.65	614.86	478.79	833.60	947.23	963.48	214.60	645.76	492.69	275.10	63.77	674.45	936.21	961.43	144.05	713.04	529.07	712.43	393.62	479.00	579.61	853.70	524.78	517.08	798.94	815.67	802.68	260.38	116.79	
905.68	648.47	630.44	520.54	127.26	464.04	467.77	90.74	677.65	113.54	582.43	951.75	176.31	256.88	887.96	137.74	399.93	601.01	665.81	112.35	993.63	144.81	690.96	847.33	668.58	208.04	646.27	484.25	10.72	905.66	600.04	915.41	554.13	230.49	435.95	680.39	693.53	902.73	770.13	371.18	16.26	352.57	322.93	191.57	608.45	210.89	328.31	8.38	810.90	993.12	119.73	804.52	137.93	809.69	651.85	805.52	17.73	298.13	289.77	27.46	203.78	888.81	941.87	756.91	119.29	377.82	437.30	811.82	280.54	207.44	
183.00	295.81	559.01	504.93	486.38	167.45	714.83	813.69	174.83	525.72	806.81	293.56	330.25	943.75	103.25	981.10	749.26	119.98	279.23	39.03	146.44	482.01	926.84	88.30	238.92	46.13	465.12	675.23	856.96	744.67	881.66	39.96	40.47	440.67	543.89	525.85	607.12	258.72	339.54	780.95	783.44	146.35	74.51	113.69	90.10	176.76	94.79	838.36	295.74	373.02	876.39	441.18	854.03	803.23	528.48	92.96	848.36	992.60	767.18	705.32	737.27	648.85	744.28	776.74	89.52	288.17	302.59	695.64	545.88	641.14	
476.59	329.32	786.49	550.11	442.01	875.59	725.87	535.80	713.95	21.61	907.82	590.34	461.78	761.85	393.57	989.26	853.81	241.93	981.87	621.00	946.24	719.14	269.84	690.52	495.88	358.36	977.69	797.47	54.00	523.57	438.61	529.59	851.89	225.10	79.70	293.91	100.69	804.57	828.71	813.64	825.17	736.53	403.98	286.95	498.38	796.54	276.22	352.19	38.47	258.08	972.19	983.72	976.22	242.03	674.24	472.10	599.39	651.93	269.57	652.39	175.50	707.18	181.98	27.39	931.28	260.68	320.30	31.97	65.25	149.00	
844.61	889.42	884.53	248.59	176.37	382.91	45.13	451.59	734.11	82.60	708.67	706.30	66.32	684.89	947.33	739.55	156.98	546.72	391.48	425.56	199.11	565.98	132.74	380.09	592.37	64.02	639.77	911.67	94.99	704.02	60.67	938.60	593.44	944.20	187.19	768.81	327.12	231.32	220.39	61.23	312.92	928.06	766.52	378.23	612.95	713.85	117.79	768.93	260.57	508.27	194.49	458.68	74.25	326.23	837.78	665.62	389.25	477.55	577.28	483.25	181.57	636.96	421.85	774.01	581.16	608.04	542.82	907.28	838.35	762.21	
967.50	151.27	690.27	734.03	528.50	303.22	447.88	645.29	72.16	707.46	153.56	265.65	166.14	226.80	590.88	3.92	891.42	979.14	480.47	468.70	462.38	661.04	105.66	883.23	435.05	685.82	491.27	976.86	593.10	329.62	739.07	560.60	479.89	429.35	294.63	8.39	731.57	741.52	652.67	802.73	448.97	805.23	68.38	614.12	32.03	658.26	617.04	922.45	637.39	97.51	391.16	99.78	757.55	495.82	982.01	192.60	181.64	473.28	169.46	773.74	801.90	907.54	334.34	281.78	336.89	627.97	289.17	68.46	369.49	940.84	
870.19	817.46	746.07	937.56	431.58	777.11	595.82	48.62	699.56	233.21	145.13	90.72	331.99	901.68	585.54	314.00	94.27	766.18	786.28	262.74	539.92	588.18	170.27	873.26	868.96	506.16	501.23	158.13	573.61	869.72	98.98	443.80	687.18	844.05	381.36	118.76	621.16	976.18	166.38	320.72	209.40	310.50	410.44	540.39	212.18	994.98	853.39	305.45	761.16	639.67	567.19	301.07	227.85	736.46	174.33	96.82	242.62	674.56	253.95	815.23	544.28	351.93	259.03	231.46	195.98	639.40	349.21	816.13	615.58	514.59	
136.85	823.98	824.10	546.29	364.37	36.28	541.27	217.76	340.73	302.42	856.44	906.92	602.50	84.29	643.38	775.83	180.11	885.00	450.38	433.06	700.24	993.66	783.98	958.27	225.11	978.96	597.67	573.33	795.10	213.25	87.92	930.95	37.23	911.02	477.24	400.59	946.30	18.51	617.36	287.03	319.93	473.79	193.95	921.43	557.08	836.33	697.25	736.19	721.34	147.64	169.24	421.58	141.30	952.23	379.85	365.41	931.19	976.52	937.74	726.28	189.77	25.66	657.23	226.00	935.68	134.47	625.59	881.98	151.98	242.95	
169.01	470.91	715.74	361.96	392.34	272.82	198.29	89.60	9.00	918.62	236.24	177.25	340.20	376.53	129.47	719.05	740.95	60.66	695.57	678.69	785.95	884.33	703.36	443.18	110.33	639.04	576.65	734.92	521.02	727.63	976.86	689.03	198.55	692.60	50.98	589.89	964.42	248.27	678.49	972.42	166.90	913.72	149.67	506.09	290.26	278.14	225.14	31.21	337.80	919.71	708.90	123.75	804.04	412.25	565.93	913.37	51.29	142.58	648.29	571.31	869.21	625.15	260.34	67.76	317.75	310.32	656.65	282.17	557.59	335.13	
254.59	723.49	248.86	403.25	229.58	538.12	680.40	453.73	568.32	18.20	373.43	277.22	140.95	177.47	688.47	705.88	90.84	738.76	847.46	738.13	310.08	716.67	363.29	569.41	783.43	680.04	878.74	440.08	961.21	436.33	774.21	215.80	159.82	23.07	618.05	388.40	560.19	298.45	841.13	128.51	315.65	214.56	404.73	455.60	391.03	93.21	161.48	480.88	830.97	8.94	219.01	141.05	724.62	581.30	709.46	508.05	261.34	588.20	947.13	222.55	24.53	721.34	437.34	183.34	743.42	55.40	570.74	303.61	352.84	411.87	
431.12	667.49	625.43	834.85	123.09	16.46	927.06	283.57	496.34	758.03	291.51	714.36	898.08	16.12	295.65	607.55	523.17	555.99	195.75	470.30	777.54	219.27	191.64	214.88	401.62	934.06	269.28	971.36	237.67	621.13	383.23	667.78	288.62	8.66	502.64	410.71	24.13	429.70	693.27	519.47	187.74	983.78	233.82	85.82	998.90	528.48	692.36	522.08	84.47	887.11	991.38	861.01	106.38	183.02	75.90	507.00	117.08	344.18	478.36	353.74	964.30	860.59	21.53	252.92	868.26	523.17	662.63	891.38	951.87	355.90	
410.85	139.60	339.68	643.68	224.42	338.59	172.15	915.79	859.66	255.63	802.90	851.04	116.64	908.28	34.06	191.53	415.28	150.14	534.71	892.64	502.88	499.01	753.23	523.41	750.94	621.49	46.58	413.56	512.87	997.45	768.46	922.73	137.05	108.15	566.40	360.47	445.73	737.56	276.26	305.40	992.18	79.16	156.44	108.82	986.44	189.49	299.35	401.71	338.63	833.06	294.35	840.51	332.08	47.59	363.92	83.01	668.08	409.50	495.58	180.95	406.95	264.04	103.68	543.00	371.19	669.08	902.47	815.92	406.63	178.73	
121.32	398.82	256.89	276.75	506.64	243.33	465.25	804.99	644.04	802.88	638.05	937.39	643.39	969.13	983.98	7.31	52.15	652.05	415.81	546.72	832.01	821.76	809.76	934.68	364.76	180.95	603.76	267.23	995.87	10.39	444.97	117.19	408.21	700.86	392.95	913.85	943.18	857.19	718.84	587.22	660.07	356.89	524.62	303.46	326.03	508.59	309.78	377.17	160.65	724.59	922.90	991.65	546.35	732.66	926.34	910.11	912.61	530.09	177.35	908.48	539.49	621.31	25.67	946.70	322.17	417.62	860.55	265.36	274.81	579.39	
851.58	933.89	935.28	376.20	237.35	261.31	883.79	546.13	637.48	44.44	270.72	560.38	36.09	816.07	293.04	961.43	726.18	205.65	491.52	902.52	114.13	31.01	523.84	138.81	976.71	845.01	555.43	837.26	110.37	829.24	416.65	960.95	763.13	351.93	337.15	999.48	612.24	220.94	545.61	249.72	264.38	815.32	809.10	299.47	631.39	102.14	260.90	357.57	306.79	751.42	260.09	419.93	781.44	782.92	557.73	758.15	627.93	113.16	595.41	737.30	941.40	12.05	698.25	704.53	362.98	35.40	704.01	974.22	255.33	249.62	
223.95	518.71	64.94	33.05	817.18	695.33	134.20	78.09	52.90	439.99	828.51	311.98	858.91	609.95	94.91	416.65	368.09	721.84	528.81	962.50	459.14	470.21	973.55	157.39	174.74	336.53	191.79	877.76	310.76	446.12	127.38	533.70	963.84	191.32	565.75	781.02	885.65	698.95	858.11	937.55	138.94	686.62	249.53	996.85	296.56	343.44	413.50	663.66	65.28	941.31	626.15	523.42	411.52	599.70	679.82	585.26	935.24	870.61	463.02	245.99	316.73	589.40	778.70	280.57	779.72	344.45	61.59	665.37	43.40	918.69	
602.91	181.34	605.31	851.44	178.19	900.87	194.88	590.69	564.53	259.16	532.00	190.68	781.58	942.52	789.38	461.40	527.78	724.62	332.00	989.80	969.61	647.73	579.19	748.31	927.30	358.91	92.76	987.89	24.28	135.16	906.58	626.19	315.50	511.88	477.64	492.69	412.75	671.51	83.38	976.28	929.67	614.38	166.96	711.25	556.89	955.34	172.65	84.67	679.96	503.66	74.47	649.57	151.39	652.66	397.88	78.69	11.58	489.64	66.58	34.86	623.80	972.15	660.05	938.30	484.04	137.69	430.99	895.79	808.20	513.37	
872.07	737.87	127.74	39.02	449.13	683.64	993.37	620.78	767.31	673.33	124.43	840.77	322.90	274.82	493.44	719.78	352.51	504.01	209.43	418.09	537.87	832.23	390.24	197.92	770.52	873.28	334.60	201.51	769.07	142.81	713.88	641.13	879.68	840.62	679.16	328.80	524.25	672.52	948.58	291.56	345.85	73.01	132.33	667.75	346.83	624.77	387.54	698.34	128.78	595.96	116.43	665.65	428.19	505.67	862.57	198.71	378.95	197.18	399.22	148.02	338.98	113.10	788.15	218.66	952.72	467.31	546.46	476.97	139.83	495.04	
767.53	484.68	567.05	898.87	152.43	912.88	523.64	538.97	611.23	651.42	134.94	726.66	317.07	562.13	232.34	179.65	759.84	610.29	375.82	159.06	757.30	713.80	271.16	545.45	931.46	223.88	12.76	477.92	699.85	151.59	971.96	467.38	635.27	539.01	366.24	786.70	451.90	888.88	325.68	63.13	540.30	459.61	788.79	856.37	21.74	21.13	36.02	780.58	630.42	410.84	938.64	387.72	124.64	209.80	932.17	56.10	432.67	943.93	533.02	132.52	95.52	504.99	598.90	729.79	44.00	964.14	516.50	494.90	853.02	841.17	
557.03	393.32	300.78	345.82	249.69	321.52	365.95	284.71	102.10	995.36	694.55	40.74	383.08	818.20	249.54	315.25	873.30	681.21	259.19	406.32	812.73	353.71	910.31	411.63	83.50	953.31	375.77	599.00	448.21	228.78	440.17	5.24	621.10	739.95	350.06	869.80	61.48	715.00	154.51	162.58	710.37	848.06	202.31	93.45	666.26	450.85	407.70	539.56	132.06	665.89	944.88	943.79	19.60	855.19	355.42	102.10	808.50	730.19	700.10	256.71	957.97	140.27	260.95	579.07	879.22	610.01	448.87	939.70	325.01	602.38	
102.27	35.38	450.44	303.59	127.83	116.70	753.44	534.53	655.25	884.50	200.42	600.13	828.30	219.02	455.32	183.72	320.12	263.82	912.91	20.22	519.53	870.88	159.49	779.48	449.95	38.71	389.49	897.82	977.40	713.50	500.19	79.67	747.88	949.63	382.26	874.71	66.32	135.70	409.25	720.58	20.20	608.67	320.71	847.50	826.70	775.03	31.21	146.82	38.85	943.12	166.04	557.39	814.00	324.53	336.87	263.94	362.24	725.36	161.76	339.64	438.87	660.95	418.31	186.75	610.58	799.57	61.47	675.90	934.27	469.72	
396.48	953.47	78.39	716.19	800.96	904.09	491.22	831.18	50.91	529.07	774.30	215.95	86.46	588.29	539.48	422.33	851.24	900.71	147.70	13.00	240.35	585.57	672.95	657.66	771.32	283.53	457.23	831.79	958.43	391.50	301.51	354.91	344.97	378.89	71.10	145.94	282.98	561.32	976.11	332.89	90.39	750.41	547.83	175.85	338.70	87.31	597.18	189.94	987.02	743.88	201.94	227.37	329.45	873.88	884.03	100.77	157.41	341.26	931.56	115.84	731.76	233.07	469.75	76.74	610.96	539.85	221.67	892.94	101.16	197.79	
225.82	190.55	947.20	772.66	365.40	285.90	858.97	961.59	474.84	845.99	705.47	675.78	73.35	34.92	549.66	956.39	134.69	706.07	297.65	66.25	820.91	29.41	298.32	290.66	105.15	908.28	829.50	325.82	801.22	929.66	522.61	27.04	120.21	469.81	798.70	484.62	754.71	657.66	446.20	229.55	503.65	151.67	904.33	576.00	185.59	454.00	532.39	319.28	160.07	829.04	384.53	979.97	857.45	681.84	270.63	961.60	590.12	100.13	287.42	391.33	29.79	809.03	417.37	149.00	278.83	216.07	632.62	33.54	872.73	78.82	
262.10	376.38	229.49	166.43	951.38	414.08	619.43	483.77	732.35	778.49	312.81	116.88	758.47	170.26	797.72	29.09	131.85	387.84	128.22	418.27	778.17	157.01	227.30	195.54	305.02	505.14	410.61	936.64	537.68	283.35	15.46	798.78	658.72	243.95	964.21	610.11	657.03	583.64	93.88	389.38	362.13	405.68	505.26	120.60	574.94	302.98	148.69	705.79	689.82	275.91	124.06	468.00	431.93	350.36	662.54	735.95	854.50	73.15	672.58	392.18	355.50	687.04	190.96	14.22	929.99	155.17	623.33	587.02	737.80	716.21	
975.40	99.93	121.89	480.66	219.53	695.82	782.64	367.22	401.62	472.47	642.13	524.68	939.46	74.06	874.04	602.00	809.01	728.54	674.16	481.59	120.72	29.66	168.64	310.68	42.88	98.63	464.85	665.21	684.65	202.65	381.42	660.05	301.58	502.30	140.71	520.11	198.13	922.35	886.33	598.74	394.82	528.47	123.42	334.28	601.53	996.46	935.29	410.54	725.01	609.45	891.14	844.73	638.11	59.77	155.41	679.99	157.40	619.25	345.20	841.05	820.90	725.61	501.10	122.49	227.92	640.80	641.60	425.04	563.15	527.93	
23.79	956.97	56.40	146.21	291.26	656.93	142.67	226.55	67.47	866.68	835.00	957.61	711.41	473.10	17.38	865.82	153.09	173.79	485.07	497.28	14.83	305.97	222.90	514.93	427.46	449.81	155.73	69.06	873.85	717.89	595.99	896.64	674.86	651.39	42.85	965.12	308.33	184.52	191.67	374.80	51.20	26.66	332.41	761.60	498.76	348.79	627.42	650.85	521.58	112.49	148.13	535.41	417.46	370.03	50.34	843.92	818.84	205.07	911.98	692.70	921.96	507.97	589.33	596.82	159.37	631.18	561.94	466.69	814.70	752.61	
840.49	864.90	778.27	172.90	626.50	277.03	520.70	253.92	926.88	42.28	365.41	75.02	576.69	781.87	444.05	626.03	625.80	262.89	830.11	537.78	954.58	752.07	45.75	543.92	348.89	204.11	175.10	909.83	669.81	988.80	662.43	510.30	853.69	440.70	682.20	480.19	716.74	202.90	733.11	643.62	244.18	98.53	717.64	819.87	879.40	161.68	445.90	505.20	423.57	276.00	42.98	378.16	28.07	87.72	921.08	375.96	290.84	96.17	285.79	959.64	84.97	947.22	469.94	937.67	387.93	152.15	417.86	104.66	354.05	150.97	
747.28	597.22	248.50	464.92	417.09	127.90	625.60	861.99	632.10	49.18	137.99	674.08	426.33	165.06	760.80	347.41	540.02	51.64	442.58	824.81	11.28	526.55	772.03	480.23	464.22	159.95	631.38	881.08	263.61	984.42	32.06	10.90	581.65	279.56	474.82	997.73	406.46	100.42	859.72	38.56	148.59	996.71	711.64	573.92	161.77	472.44	920.33	700.79	523.08	362.91	525.60	533.36	888.47	297.62	13.59	352.69	456.58	643.96	233.77	719.19	628.39	264.82	729.09	210.03	543.38	203.90	207.77	948.84	303.32	67.49	
986.40	450.91	64.20	698.04	24.84	224.97	170.47	944.17	924.76	692.55	307.08	450.35	225.91	195.55	746.98	238.50	547.24	203.55	881.46	780.00	921.74	509.85	44.83	650.83	718.88	587.20	853.73	925.64	536.04	157.05	992.13	522.44	606.97	56.32	220.48	630.81	280.29	389.95	574.98	205.05	82.50	881.06	654.40	307.41	76.61	401.38	544.91	622.85	603.93	426.37	402.85	525.67	935.22	446.68	176.50	654.10	33.88	30.24	579.74	568.92	186.29	571.87	91.36	792.26	627.20	310.84	423.07	906.49	699.79	997.04	
111.54	781.29	878.11	764.94	88.70	953.72	166.31	632.61	576.56	769.24	58.98	978.41	294.91	993.20	425.09	470.42	647.30	457.97	499.65	227.04	26.89	684.94	797.91	117.26	477.20	425.11	427.10	899.27	331.60	126.89	896.31	442.13	907.18	774.42	207.07	994.88	728.13	372.38	627.49	304.69	141.63	685.48	283.11	435.54	678.68	707.20	904.96	325.98	165.17	404.61	552.02	191.06	89.55	349.93	307.31	565.75	774.04	733.41	465.02	105.64	859.30	361.33	546.77	766.48	135.75	752.85	761.36	862.88	125.23	388.85	
167.57	265.86	74.33	449.68	700.40	752.01	156.88	605.36	77.98	321.04	9.97	629.00	511.10	98.52	977.94	817.41	663.28	751.98	550.82	128.30	856.62	410.12	488.63	403.39	176.59	623.38	156.24	936.95	486.25	280.47	325.81	652.83	545.32	399.14	102.51	245.72	151.14	258.39	850.08	228.13	578.43	859.05	856.13	89.53	956.57	834.07	905.94	619.85	586.05	456.76	747.14	442.67	865.87	235.77	845.06	42.46	858.15	1.30	978.42	344.40	280.77	304.23	996.23	825.09	702.36	98.74	70.82	852.51	356.12	919.89	
80.64	933.55	778.94	935.77	23.07	735.51	769.84	928.01	355.36	355.88	384.77	102.50	797.55	250.64	337.27	642.61	292.10	195.42	642.91	270.52	538.82	922.68	573.75	535.04	747.77	276.11	632.78	817.59	128.62	987.90	737.48	208.25	921.45	516.43	144.02	943.52	251.94	912.86	871.53	606.30	268.74	256.30	707.80	66.29	505.94	45.07	707.90	797.04	239.48	350.81	67.56	777.30	273.49	640.31	312.34	21.26	915.41	944.12	837.85	44.03	932.02	575.33	251.28	853.47	91.76	394.30	796.99	342.69	307.16	668.53	
947.99	574.90	923.83	655.79	640.18	429.76	699.85	348.08	226.80	938.34	697.89	293.36	715.64	970.37	932.67	27.98	990.63	848.08	971.11	828.48	891.11	903.13	403.81	142.39	756.60	494.56	535.69	553.59	836.26	841.85	222.12	784.25	416.74	145.94	440.03	56.93	574.70	139.89	404.01	800.51	78.22	101.89	93.87	792.86	72.27	26.54	819.84	62.90	873.62	790.95	890.37	764.73	694.08	294.18	906.12	450.68	787.75	441.81	4.27	624.01	283.66	225.38	408.26	699.40	370.32	847.29	755.33	944.02	986.18	159.33	
744.53	64.40	260.23	837.40	856.27	331.50	862.94	676.11	393.39	736.56	467.06	283.77	501.29	161.14	576.95	407.40	610.81	364.70	848.21	614.08	987.70	131.87	838.46	395.96	830.27	208.78	243.25	585.60	152.80	229.43	743.93	896.34	292.83	4.16	733.74	149.10	334.65	596.67	824.21	727.05	333.23	291.26	10.81	833.52	451.40	586.76	240.92	62.21	950.46	89.13	675.29	938.16	220.00	513.75	334.12	50.27	721.53	576.37	634.86	873.33	804.80	378.79	769.67	97.63	381.95	503.40	245.73	715.61	100.08	69.93	
442.65	432.31	360.20	452.47	265.83	810.60	39.23	505.75	871.81	988.69	593.88	547.11	926.85	812.88	60.85	260.98	862.14	781.38	836.35	497.01	654.72	641.15	874.80	424.38	737.79	256.75	926.79	982.51	971.36	26.86	52.45	414.01	458.17	411.65	865.48	723.00	222.25	903.71	228.75	94.06	892.40	821.62	640.17	819.25	634.50	700.03	80.23	496.65	481.41	915.58	992.65	136.12	556.73	867.45	559.51	294.52	124.20	486.29	277.03	95.56	512.16	328.48	508.56	969.33	739.13	374.04	692.33	960.38	277.75	920.08	
54.45	170.15	741.70	693.62	988.40	376.20	393.64	68.63	871.85	874.05	983.21	864.50	10.18	539.94	731.95	568.68	833.46	855.15	54.97	110.49	949.70	566.13	437.98	458.27	535.46	177.11	831.31	227.79	137.49	109.06	147.87	190.94	278.21	888.57	883.55	266.61	264.78	277.20	334.24	136.63	151.25	317.45	1.13	160.42	856.39	732.08	728.11	689.85	587.23	782.08	799.35	536.93	348.21	237.33	994.20	882.67	413.43	825.51	110.46	549.92	933.57	257.33	739.86	211.78	145.91	623.42	477.38	409.68	899.61	810.62	
545.31	50.86	128.07	545.44	210.28	983.46	277.51	937.39	673.31	863.74	719.47	472.66	400.67	67.68	708.99	394.87	949.36	122.42	220.37	59.82	671.35	153.94	316.15	411.21	364.72	461.06	34.62	841.10	869.74	933.23	651.72	415.05	983.10	778.79	959.48	193.38	762.25	237.00	130.77	435.56	100.73	849.24	907.22	500.40	915.92	616.21	894.27	865.28	737.63	114.64	924.10	408.97	267.58	240.25	819.18	631.30	700.31	852.80	472.40	570.05	786.04	124.12	984.10	769.13	901.91	943.59	961.51	664.15	180.58	92.28	
99.71	280.32	940.52	6.93	779.72	856.45	622.14	673.99	721.73	359.77	787.63	645.83	767.74	55.21	885.08	586.93	685.51	585.39	439.73	157.91	155.45	225.76	281.02	139.55	993.90	182.93	83.14	955.41	846.09	262.72	47.69	944.80	542.04	987.21	950.74	321.76	843.66	572.88	994.75	565.39	931.65	782.37	211.22	699.39	836.58	96.30	286.32	522.09	680.69	725.05	678.99	835.14	949.81	959.02	973.69	943.71	141.95	56.83	899.12	987.03	318.55	945.81	931.84	859.59	933.02	882.57	181.35	776.68	455.45	176.10	
342.07	387.10	957.47	552.29	86.49	794.05	647.59	371.81	316.14	328.27	96.86	994.13	163.41	46.67	953.14	137.10	989.38	95.09	192.92	888.49	82.12	510.47	834.30	13.96	370.06	767.32	895.53	550.41	544.00	350.98	725.51	885.07	737.08	682.98	437.36	822.57	477.03	84.95	194.38	792.17	412.22	290.24	786.30	574.63	335.91	739.44	710.73	325.28	833.53	902.65	213.77	914.65	413.13	48.07	927.61	782.19	814.39	823.14	332.60	358.39	174.12	58.11	243.46	910.20	740.09	679.82	732.77	217.13	763.77	926.15	
9.30	175.99	216.39	794.59	749.63	551.29	534.03	460.36	875.57	367.56	363.01	89.35	282.21	775.14	136.42	209.83	557.32	949.81	32.97	888.92	308.20	206.10	946.03	550.67	116.30	686.13	230.49	848.06	902.26	993.26	774.21	910.55	169.25	989.60	705.15	917.88	540.89	239.18	378.24	416.47	605.74	740.25	504.82	886.95	515.38	640.24	96.78	72.70	590.05	128.75	960.63	897.25	333.85	906.66	447.92	449.14	592.79	677.41	297.21	495.05	670.67	71.42	405.60	838.92	61.02	110.75	756.80	600.91	348.92	135.04	
17.38	953.66	874.28	521.20	840.61	389.67	161.44	936.40	461.37	750.48	65.15	421.99	647.73	398.00	328.66	95.65	846.14	920.45	772.06	143.35	415.49	442.73	213.77	820.09	281.65	273.80	929.84	38.45	873.71	278.76	172.49	890.09	232.43	46.78	411.29	73.04	435.44	571.73	9.44	895.81	322.21	73.58	317.81	968.94	470.58	645.46	64.59	316.72	565.91	835.65	459.07	980.40	278.38	671.84	800.49	559.03	944.64	730.33	596.49	818.35	9.10	767.98	708.44	240.52	813.76	119.73	312.56	249.20	690.46	321.00	
145.02	12.67	393.58	461.83	980.61	863.17	107.29	45.20	179.89	672.20	879.86	637.96	652.60	158.24	309.81	453.09	716.27	254.45	183.43	312.75	72.80	191.52	80.73	780.24	431.05	893.49	898.97	742.61	142.69	589.43	63.61	286.71	601.09	456.19	747.54	581.70	319.36	853.83	625.91	498.25	526.02	505.76	136.21	178.62	663.00	445.02	630.72	379.27	698.46	813.14	691.02	770.26	4.67	770.75	550.50	434.71	664.24	449.47	177.32	805.94	38.90	239.93	92.65	638.99	695.13	839.19	220.70	14.49	693.01	845.60	
511.74	219.03	351.37	646.95	396.66	14.37	91.97	27.37	392.63	789.43	839.51	83.65	559.69	843.18	853.40	110.19	277.89	517.65	558.66	454.22	323.58	596.56	693.15	415.23	235.55	388.28	254.42	455.24	401.76	946.43	300.85	912.50	165.46	651.21	559.45	561.12	664.58	650.42	587.49	57.22	439.85	427.00	139.87	998.54	270.18	992.27	108.73	547.08	509.92	666.39	1.29	832.50	262.95	693.44	247.74	497.50	81.72	501.15	951.74	482.48	447.58	252.59	394.98	612.04	902.80	953.44	173.16	567.38	603.86	759.65	
623.60	43.71	186.65	762.47	42.25	455.84	754.74	149.98	2.91	264.66	815.37	3.21	97.17	78.32	695.65	343.91	574.82	776.36	844.06	526.56	258.84	291.64	778.15	652.83	902.69	680.96	606.26	75.85	248.34	210.12	834.50	870.94	252.82	21.15	633.41	294.07	475.99	388.15	443.05	477.90	651.82	258.43	480.11	747.98	335.75	175.76	91.89	909.57	951.12	934.95	436.13	209.97	226.59	214.28	861.79	129.28	894.24	468.06	204.12	142.58	677.18	38.62	13.52	929.00	58.77	645.93	223.07	533.76	34.08	665.13	
11.66	684.89	922.56	490.77	432.88	258.30	665.53	523.77	167.87	616.65	458.71	603.00	825.62	684.31	816.29	687.41	812.58	710.52	155.47	16.70	852.10	831.65	54.32	864.62	760.65	112.09	510.55	982.72	644.85	543.62	647.85	655.51	228.52	570.41	146.28	660.39	827.71	810.81	184.16	994.58	427.46	641.87	597.59	253.07	326.18	413.87	939.48	138.76	124.40	94.95	154.46	975.50	925.60	207.78	840.12	686.24	318.87	350.67	668.96	962.72	893.29	316.81	618.23	121.80	886.22	763.51	781.20	713.93	574.32	964.36	
708.51	1.77	606.23	306.10	253.85	931.41	718.97	193.33	70.17	842.37	287.28	223.63	817.87	212.88	430.42	657.99	898.12	748.29	8.65	567.08	711.02	900.94	882.90	329.25	22.75	769.12	92.76	802.95	483.05	666.08	767.30	191.56	666.85	373.54	496.66	919.70	304.95	215.63	113.03	374.12	57.99	399.31	596.75	874.86	611.18	27.17	532.85	509.30	774.47	540.50	76.39	485.48	441.45	958.29	813.73	463.19	727.41	905.49	266.14	210.45	571.57	33.44	401.01	238.42	405.98	896.67	158.12	709.92	112.30	270.14	
84.04	169.29	668.45	679.80	44.15	279.63	705.97	576.00	787.94	480.44	116.51	863.33	964.92	556.95	821.61	778.65	20.15	549.02	684.15	285.29	758.47	255.72	317.73	159.48	493.14	722.70	56.15	650.26	432.63	167.45	919.40	515.67	335.74	587.85	195.47	378.89	866.49	900.44	953.89	654.43	380.88	70.40	517.75	345.80	626.35	339.37	124.46	645.50	887.39	807.61	929.79	645.86	63.32	247.51	804.34	555.46	969.22	859.50	205.72	401.85	26.94	125.12	916.52	361.68	711.98	111.99	739.57	578.46	12.44	693.47	
232.89	392.32	762.87	749.64	737.12	389.22	89.01	860.58	34.72	975.40	668.19	963.51	621.25	730.51	211.03	425.59	285.98	180.25	285.09	490.70	581.09	311.03	614.82	497.62	671.72	326.80	608.61	411.29	904.26	620.05	104.76	137.15	12.36	866.63	885.80	748.49	255.85	973.81	609.07	289.57	949.20	277.26	253.08	570.45	7.77	463.11	995.05	292.75	642.35	280.14	782.45	223.45	590.17	397.27	720.06	261.89	723.06	328.67	672.18	627.32	947.72	775.94	763.48	959.08	642.57	649.27	707.57	897.41	623.08	316.64	
186.99	572.28	592.89	439.07	142.74	599.67	901.18	137.79	891.41	543.53	416.93	673.86	765.98	7.10	71.13	486.05	267.99	793.19	813.72	939.18	420.51	761.44	715.12	183.99	720.52	357.68	832.26	428.09	255.10	455.34	743.72	441.08	27.62	336.62	879.15	169.36	935.28	780.33	306.15	826.70	323.86	722.07	500.56	89.84	728.17	570.68	574.89	995.17	363.87	388.61	934.34	783.38	150.04	649.46	966.37	869.56	7.14	798.63	297.65	261.24	253.98	41.37	701.32	280.60	376.99	580.47	448.96	312.28	360.80	754.11	
138.98	683.66	476.18	638.53	772.51	204.36	209.21	347.39	199.52	572.09	735.00	133.87	355.47	884.04	782.33	321.84	753.60	788.47	120.47	51.25	49.71	373.45	91.63	750.03	653.05	467.62	330.51	102.01	778.90	690.31	855.11	916.87	373.97	331.30	555.40	146.48	534.65	763.62	492.87	733.18	335.70	227.87	866.04	690.17	111.91	648.37	12.01	864.52	436.84	131.49	914.77	485.55	503.93	6.40	235.58	156.98	473.02	565.09	257.99	251.91	255.40	113.10	168.78	628.37	443.40	723.19	773.85	977.05	486.81	266.72	
710.23	821.51	493.59	576.27	511.68	604.50	224.64	522.69	469.02	660.48	653.18	383.79	146.03	157.11	389.18	380.61	313.09	861.20	944.70	570.08	113.11	200.10	682.19	280.90	827.47	125.59	4.08	601.31	102.64	489.89	867.03	811.87	311.40	360.62	388.14	822.08	964.12	611.78	344.77	433.13	272.27	996.95	815.92	417.30	154.06	205.10	796.91	466.16	66.30	741.62	36.24	178.41	940.72	717.43	458.31	768.19	842.02	461.39	369.50	943.66	950.28	236.53	755.53	261.68	596.15	143.67	83.76	560.27	754.45	427.53	
992.40	26.72	424.48	808.32	443.02	577.54	13.42	239.93	43.70	78.71	980.55	78.94	256.13	921.27	795.37	713.43	689.45	637.38	174.82	58.95	581.04	125.10	294.48	336.57	385.78	889.63	479.24	468.54	449.90	233.70	895.07	442.30	259.42	319.55	250.61	701.44	896.10	263.03	940.37	938.79	340.74	920.92	17.73	595.87	842.19	812.10	309.30	531.64	449.48	483.12	589.60	30.52	607.22	883.08	366.09	992.00	772.72	844.33	460.54	222.62	78.03	355.61	663.91	336.45	674.16	913.53	37.89	570.26	176.56	977.26	
509.05	516.30	898.18	525.79	112.17	740.37	337.88	420.47	272.01	786.36	902.60	860.61	815.89	509.82	743.69	181.98	501.82	516.41	26.31	961.37	738.03	103.34	316.98	401.94	438.79	990.14	315.47	475.68	560.40	491.02	452.94	69.46	7.33	351.12	594.24	118.50	91.49	931.13	537.97	362.50	717.49	440.57	223.12	533.38	949.39	965.81	714.36	451.21	482.22	739.67	412.58	220.25	842.01	728.56	621.18	280.80	718.70	935.65	755.48	279.10	426.68	208.42	347.56	433.00	558.53	940.80	550.50	649.02	871.93	88.47	
11.53	589.42	528.04	233.64	122.80	477.42	199.45	836.16	927.64	680.67	575.83	340.21	899.91	417.84	68.77	521.10	697.64	786.47	456.75	453.13	65.57	882.43	660.54	412.13	315.43	219.08	352.94	864.93	867.10	224.87	952.40	877.63	813.29	480.43	111.27	935.09	956.86	309.72	771.25	884.49	989.39	347.08	224.71	889.30	763.92	292.48	410.40	461.56	78.95	866.15	913.69	143.52	748.58	574.23	554.65	64.01	792.31	906.59	927.93	659.41	131.46	880.33	537.04	943.75	360.76	647.31	878.85	317.62	956.02	650.10	
202.12	945.41	996.18	425.82	834.71	760.10	717.30	245.11	221.67	795.25	111.27	135.36	937.77	858.85	708.59	492.43	921.85	500.90	399.02	849.79	160.31	529.48	730.12	696.35	473.23	90.88	343.65	352.08	407.51	299.68	2.18	608.62	245.09	997.36	34.45	79.80	757.46	750.75	323.91	978.13	546.00	434.18	113.48	483.77	293.02	821.07	975.20	214.88	321.97	374.22	64.67	481.28	902.69	793.79	177.63	375.92	883.67	520.28	727.00	291.18	818.96	728.18	898.80	64.04	725.54	932.24	142.84	483.00	682.99	465.75	
461.12	228.99	898.93	573.60	711.77	191.96	394.67	686.97	405.83	715.64	61.18	469.50	196.92	962.88	263.29	373.55	338.80	146.96	892.83	65.80	437.13	711.78	792.98	335.93	774.83	518.52	268.18	916.67	1.52	950.17	382.43	461.64	179.17	281.36	35.24	889.93	472.31	428.91	576.90	877.15	144.55	637.08	346.65	340.47	599.96	608.94	713.02	937.75	754.90	605.84	3.56	192.03	317.63	795.54	526.96	92.46	314.06	794.14	9.13	314.57	744.31	390.55	775.21	922.48	670.91	809.46	812.41	143.22	238.37	389.31	
20.37	381.92	26.39	366.02	721.40	625.34	973.96	434.41	563.10	728.86	40.26	565.66	919.89	356.88	361.19	446.86	448.34	674.25	241.00	456.47	987.82	984.31	846.02	763.03	906.79	516.93	572.49	719.20	659.16	809.86	108.51	678.53	191.78	133.90	44.55	912.18	758.24	18.51	346.59	321.34	746.37	385.85	886.00	666.26	741.73	247.19	113.12	190.08	920.43	353.12	645.55	908.26	337.43	491.57	671.29	244.21	8.50	243.78	962.41	666.66	53.64	70.92	345.19	244.42	203.81	388.74	156.60	961.05	406.25	502.19	
282.39	152.62	887.04	168.39	817.89	628.78	414.58	930.01	817.85	335.01	283.12	463.40	243.27	619.55	953.96	913.55	862.76	961.47	157.33	825.17	628.12	209.97	895.09	972.31	453.39	98.91	361.05	608.99	59.96	766.31	111.18	341.35	917.93	997.22	508.74	735.82	626.00	922.32	665.82	443.85	257.33	947.95	906.24	499.59	567.49	860.21	413.15	430.26	821.67	569.48	255.43	449.80	778.45	150.52	422.11	231.84	248.43	782.17	839.83	307.39	548.47	950.01	647.74	466.41	947.23	156.48	202.22	573.22	78.80	867.05	
17.07	335.13	814.99	922.32	833.72	382.49	782.53	246.87	811.74	604.20	815.35	67.18	54.00	593.80	216.70	475.11	824.63	464.13	257.28	664.46	770.52	804.75	614.47	418.26	271.16	561.69	573.75	472.38	134.92	651.55	339.43	150.99	985.68	154.42	73.31	819.40	535.91	854.83	66.27	347.65	459.03	880.62	413.83	512.03	474.42	629.53	986.14	299.05	93.66	243.42	962.51	863.18	48.17	576.98	281.44	318.32	138.67	854.19	789.70	272.59	505.74	129.13	422.58	491.43	282.55	494.88	310.83	817.45	349.72	376.10	
165.11	807.75	256.72	577.93	319.78	730.14	207.46	305.92	29.20	300.12	548.33	990.71	163.30	595.50	567.69	443.74	912.82	705.36	297.94	702.52	976.95	802.68	830.65	399.53	294.11	113.20	893.41	603.93	929.65	243.13	979.03	94.76	50.88	235.76	671.69	369.65	964.90	878.15	674.57	993.09	178.27	222.90	983.80	340.57	817.40	551.49	783.32	730.22	256.86	81.25	432.75	233.81	882.93	263.40	632.34	177.04	375.60	525.75	779.97	305.25	767.89	759.01	399.01	817.76	993.76	70.70	187.42	958.66	947.86	860.99	
951.76	126.13	83.89	935.56	465.70	900.29	487.05	249.02	630.51	742.91	329.27	63.26	975.72	212.20	325.66	608.06	388.24	700.26	133.81	168.22	5.51	900.70	926.23	403.52	718.46	919.99	473.22	904.88	878.66	421.08	765.86	830.41	546.21	848.75	765.97	11.91	749.04	253.02	259.93	379.55	994.93	588.20	441.81	970.65	799.41	766.47	578.71	187.65	466.73	711.52	354.87	471.24	612.22	281.10	873.76	330.69	201.09	346.98	235.57	79.75	767.06	1.43	909.16	313.27	849.18	675.12	324.18	598.22	927.15	583.11	
976.77	922.08	171.31	418.59	892.73	969.72	185.06	471.44	157.37	650.79	182.96	511.24	122.03	794.19	791.34	994.78	124.88	991.43	341.76	359.44	71.18	108.81	359.87	979.33	421.08	209.05	654.46	744.26	806.27	581.60	327.37	783.04	503.68	497.68	201.63	396.41	467.40	385.69	866.85	623.77	36.48	49.81	135.01	157.50	843.00	925.35	152.28	966.87	916.78	493.04	326.31	986.96	600.86	685.18	966.29	21.93	893.23	620.75	765.19	699.50	202.35	92.56	482.55	705.03	589.25	683.18	101.44	56.65	68.86	967.29	
679.42	104.34	17.10	813.43	260.84	859.10	738.79	412.13	825.97	655.57	904.17	152.29	642.53	505.02	836.47	608.82	525.96	729.70	229.57	291.15	429.21	430.92	382.71	910.75	135.95	970.96	593.93	236.39	27.61	661.79	203.68	706.03	765.14	219.78	519.46	25.98	78.88	258.25	437.11	903.85	912.82	341.28	56.13	555.35	845.30	891.60	164.17	371.26	621.31	392.74	661.41	50.52	822.66	44.13	960.27	957.61	15.09	554.20	194.01	41.69	215.99	396.69	746.72	980.13	615.47	266.18	6.11	693.34	523.43	442.22	
597.19	436.25	782.49	652.32	990.60	627.80	543.92	154.77	998.05	165.23	546.51	659.47	214.75	369.17	702.59	175.02	326.79	716.68	728.21	519.80	757.37	943.21	915.48	504.09	923.34	530.95	769.27	928.45	224.29	292.71	370.67	820.48	727.96	153.16	472.80	718.56	779.96	16.72	872.33	778.01	180.95	418.85	437.47	394.70	787.02	140.07	568.71	113.81	855.74	296.93	632.61	613.12	240.13	548.09	117.21	163.47	79.04	885.48	91.92	302.33	178.19	461.58	122.80	905.15	613.75	594.60	623.71	393.70	610.32	496.04	
171.71	790.27	913.89	608.18	184.97	700.91	747.25	752.68	813.72	603.00	49.61	446.32	216.11	288.74	993.41	332.32	451.22	72.45	217.80	542.14	373.77	394.99	3.72	495.58	300.13	616.47	90.18	922.84	10.17	699.50	418.88	180.88	489.77	332.77	788.06	673.74	33.68	535.31	426.42	846.39	138.31	475.03	292.71	353.42	762.77	286.13	684.73	213.99	357.57	901.53	755.13	730.35	296.52	757.85	225.92	595.65	374.31	315.10	518.50	383.48	14.60	936.38	563.36	503.37	269.15	351.42	177.10	301.83	885.73	602.52	
148.22	24.04	77.55	439.94	376.45	839.32	725.06	61.19	53.31	82.63	961.72	807.44	811.98	258.24	565.29	37.91	852.90	938.60	352.01	371.39	322.08	365.61	307.77	884.44	867.97	575.93	235.86	45.07	876.75	121.59	646.59	24.97	144.63	723.14	463.91	520.08	562.47	188.97	580.27	614.78	270.61	541.99	422.22	82.59	799.23	986.51	119.50	652.13	925.11	470.50	23.52	247.20	835.11	330.30	131.64	703.08	905.22	366.49	747.15	781.97	487.08	393.75	805.95	630.71	116.89	269.86	150.79	678.36	457.83	730.06	
293.14	727.44	272.04	714.37	809.03	71.28	700.88	927.52	722.40	625.99	398.03	744.93	872.18	233.13	75.22	3.82	935.22	979.44	369.31	682.37	761.42	855.40	76.12	567.37	486.10	192.01	836.23	635.89	869.38	294.06	365.95	162.52	21.50	636.99	875.88	829.52	707.27	576.76	757.04	429.67	202.75	155.07	174.60	74.93	387.20	248.82	77.75	322.42	228.26	446.07	4.79	988.68	301.46	79.91	556.05	786.57	270.92	392.27	422.46	140.30	685.33	787.40	301.82	705.83	424.39	177.70	535.35	131.66	753.46	292.39	
560.33	955.21	446.46	733.93	30.14	832.67	981.74	106.89	155.08	210.01	551.96	158.87	198.69	852.42	237.78	753.73	638.98	507.70	146.01	61.44	647.00	830.34	847.84	947.82	536.17	272.23	125.52	71.51	402.89	877.98	362.91	962.22	833.19	808.37	696.15	862.33	641.03	677.89	968.22	795.12	886.90	520.18	952.99	85.58	372.60	190.77	838.31	11.58	697.48	983.32	72.02	344.48	813.66	918.86	292.30	349.82	191.10	416.82	420.34	592.99	294.80	782.25	555.21	127.99	590.62	251.36	989.32	231.65	928.25	957.54	
