70
70
35
150     60
428    214
 99     49
410    164
 90     45
291    145
106     42
 95      9
239     71
 49      9
271     54
483    193
350    140
396     79
279     55
234     23
200     40
104     10
344    172
380    114
191     38
257    128
484    242
118     59
156     46
200     20
162     32
256     51
251    125
136     27
326     97
265     26
233    116
 26      5
468     93
106     10
 66     13
 50     25
408    163
474    189
412    206
192     96
 66     19
182     72
300    150
153     30
485    242
247    123
372    186
390     39
371    148
487     97
166     83
187     74
290    116
339     33
429    171
372     74
179     71
397    158
178     17
200     60
 62      6
476    190
412     41
368    184
177     17
420    126
101     10
 12      2
519     68      478
401     66      536
718     21      460
825     81      332
233     86      415
424     92      488
757     55      314
978     58      419
452     22      591
714     70      647
567     66      217
926     47      466
881     40      639
854     62      364
979     56      289
951     93      661
187     96      542
531     29      488
375     62      300
225     80      422
639     96      530
870     90      529
812     21      695
920     78      231
150     72      331
851     60      623
379     83      340
514     34      553
799     15      478
335     76      491
138    100      309
274     76      502
230     81      574
326     10      315
950     57      634
309     96      288
891     67      603
279     19      495
926     12      254
559     65      239
426     51      441
583     64      271
481     75      505
261     63      626
958     53      682
353     95      340
375     60      332
517     47      270
221     27      629
307     89      433
788     44      492
955     43      204
595     49      508
974     43      232
927     56      482
485     24      639
535     39      655
353     84      622
362     83      491
790    100      679
307     37      660
612     41      346
560     81      227
384     44      533
168     43      461
148     53      407
403     87      367
226     41      610
830     55      201
407     76      668
500.92	63.09	385.06	9.88	737.46	744.53	492.29	402.95	686.47	334.51	321.22	631.37	83.05	823.74	849.53	484.83	573.03	708.21	247.40	287.45	808.37	859.36	593.23	483.87	175.17	807.49	72.18	673.55	189.64	470.09	379.61	689.56	532.18	763.67	698.44	269.64	508.21	190.73	671.59	194.68	524.24	991.81	825.05	606.29	815.55	674.58	91.12	388.58	382.78	337.52	675.02	191.15	196.88	268.25	674.02	371.05	75.74	745.20	44.60	264.38	215.29	423.21	952.94	746.47	186.88	651.38	16.11	694.08	841.11	686.70	
887.76	365.35	678.50	712.81	970.64	494.05	387.39	61.76	881.63	769.17	398.28	556.65	959.32	594.17	823.90	633.34	964.22	898.65	378.55	8.81	163.03	592.84	431.02	115.97	339.31	616.90	766.36	354.41	310.98	607.47	41.11	198.74	971.82	718.61	910.55	942.46	212.66	297.94	4.22	94.29	67.11	401.51	649.94	26.43	994.67	473.84	658.77	958.89	372.49	37.32	966.70	534.52	629.16	397.72	649.49	967.47	14.62	415.85	321.88	324.61	23.31	361.99	522.35	994.13	80.60	432.90	936.60	292.26	729.84	939.82	
385.55	795.94	341.33	35.48	821.37	336.00	508.32	480.15	294.89	879.81	516.47	261.60	414.33	145.64	658.32	63.82	113.11	671.95	478.66	433.99	995.55	500.98	794.98	517.90	495.11	874.58	949.80	431.71	166.84	679.64	371.53	551.39	475.58	711.86	585.88	296.96	47.87	94.20	776.11	341.76	973.01	292.58	602.36	387.34	437.22	260.68	450.15	549.32	931.63	927.82	982.31	927.18	428.79	777.29	445.08	922.91	651.87	394.88	354.62	817.71	74.52	725.15	369.11	549.10	437.01	953.98	845.06	483.88	48.19	621.17	
824.64	21.20	912.75	427.00	407.53	349.96	686.68	856.69	898.29	618.31	784.50	880.60	545.49	213.30	657.88	989.57	136.20	309.75	384.45	489.82	127.47	457.97	214.97	495.57	7.07	650.98	449.56	851.13	134.86	496.74	472.30	958.50	516.94	385.05	385.51	923.47	734.01	72.19	780.16	632.30	689.50	564.66	512.90	234.99	776.96	170.78	224.56	912.16	479.53	608.01	401.99	606.00	65.98	615.95	101.57	72.05	266.93	550.13	922.18	400.80	46.87	394.48	359.30	562.81	778.53	743.81	486.28	512.54	815.00	266.44	
144.84	504.50	830.10	656.74	738.48	607.06	826.52	962.04	519.22	306.05	570.05	920.21	911.05	635.03	536.16	12.63	706.08	802.10	561.76	628.26	202.89	607.63	22.75	561.19	170.44	800.28	305.00	655.72	312.82	119.99	921.16	456.67	623.49	751.26	113.41	361.97	358.32	938.93	324.02	876.54	244.98	893.07	796.75	156.03	528.10	332.91	167.66	234.18	135.01	728.42	861.44	336.91	336.05	883.19	897.10	505.49	683.47	202.10	161.21	995.29	321.10	82.37	451.96	943.58	832.63	564.36	305.56	190.95	503.29	628.57	
67.49	747.27	521.64	863.24	902.30	49.74	196.16	69.96	282.91	330.17	797.38	144.35	666.08	133.42	27.54	563.18	637.91	710.01	764.28	798.12	705.30	85.37	879.49	157.26	28.96	712.12	720.62	333.52	902.07	223.91	961.09	968.56	970.18	482.73	831.80	872.48	531.47	27.95	941.44	813.38	357.12	738.82	956.73	23.20	871.24	983.27	585.37	509.15	693.28	349.65	307.27	398.58	434.02	186.76	554.83	461.98	897.88	275.45	794.50	799.94	498.36	755.58	768.50	468.54	238.32	600.30	341.02	768.78	627.25	282.46	
582.16	983.37	21.28	538.90	6.57	891.52	522.17	590.94	400.67	215.45	939.59	706.93	613.03	373.62	892.69	167.87	834.60	790.57	442.32	629.09	590.51	939.68	384.67	359.01	408.22	621.99	958.30	748.25	390.77	585.55	30.71	971.94	568.92	50.99	510.84	574.49	941.51	33.01	165.43	342.18	247.47	105.02	49.11	859.50	477.64	940.80	27.36	312.23	731.37	468.68	940.32	321.88	408.36	325.00	679.88	815.59	945.99	638.19	563.84	336.76	223.74	593.55	308.70	791.66	643.54	818.54	366.15	585.05	850.55	530.58	
926.22	98.01	634.60	974.33	956.51	112.24	915.14	982.88	423.47	646.50	451.56	363.80	967.38	858.92	687.80	647.26	674.51	633.78	285.45	238.35	969.55	508.19	830.90	278.25	299.84	474.44	96.78	664.99	59.49	946.33	195.57	984.71	44.34	829.17	959.04	999.85	940.41	874.18	982.73	363.89	520.68	434.29	726.68	488.06	293.21	414.48	135.33	966.72	48.27	419.77	205.07	17.81	926.96	35.97	295.06	226.80	509.41	390.84	890.80	567.90	337.17	86.37	552.61	380.51	914.54	511.65	380.36	854.95	385.83	363.09	
218.84	905.51	796.38	944.52	393.58	89.59	359.00	527.90	56.31	406.27	946.68	260.38	423.08	873.64	295.36	717.14	100.44	803.77	107.98	990.24	371.66	444.15	76.61	923.27	823.66	990.15	434.92	204.02	845.10	819.75	566.12	63.94	725.26	362.49	8.46	118.84	451.08	366.47	645.74	506.39	771.74	592.42	765.77	194.82	466.06	61.13	910.96	565.50	863.90	18.94	555.74	235.56	462.09	631.34	158.83	285.75	621.49	592.74	488.78	466.59	412.49	54.89	529.53	137.76	416.39	536.99	255.60	866.47	902.46	900.35	
372.86	674.20	492.77	138.63	868.02	957.83	198.76	778.98	523.33	62.66	796.92	79.07	297.22	259.01	709.41	455.04	543.76	330.90	47.78	32.54	796.49	459.28	86.43	326.02	596.04	501.82	862.01	850.64	368.29	764.47	750.99	740.14	438.67	243.75	877.78	306.69	201.58	76.54	85.66	723.91	138.20	881.58	801.98	434.41	140.59	511.39	888.45	683.36	841.29	935.24	714.90	637.78	394.52	800.33	962.80	989.55	302.15	824.81	840.19	669.44	589.28	591.18	409.58	27.95	833.93	287.36	333.64	35.51	362.90	418.30	
758.42	500.09	299.88	560.40	933.50	439.48	71.79	821.96	122.84	912.08	757.19	836.74	549.86	151.71	637.07	512.66	141.26	938.22	337.47	980.46	607.66	925.75	571.64	17.25	952.70	405.57	303.61	286.34	440.09	665.50	703.64	198.51	165.60	3.52	757.91	99.10	442.00	828.70	920.05	563.83	740.77	677.25	400.57	290.63	827.95	37.64	802.29	968.22	974.86	139.76	948.67	582.53	65.51	520.31	598.77	18.22	924.88	901.38	303.56	364.97	566.88	7.20	562.48	731.48	9.72	320.39	829.58	450.72	149.08	749.63	
14.55	888.86	426.88	414.12	179.49	254.83	450.76	980.77	223.05	425.62	120.53	171.72	8.15	185.04	691.03	605.92	202.26	615.91	507.30	504.82	979.88	74.18	511.01	542.35	804.65	519.73	861.74	634.23	969.45	10.83	383.86	983.00	898.68	809.74	397.12	78.17	64.57	846.88	58.94	286.61	272.50	178.48	457.33	279.64	362.52	148.36	884.56	563.78	763.27	391.86	68.60	743.15	465.04	578.61	285.50	269.69	98.34	147.24	902.92	67.79	157.07	286.78	50.78	55.75	96.52	446.90	132.92	160.09	293.77	190.86	
445.70	565.27	368.34	902.03	843.92	729.86	50.39	728.48	293.64	812.66	120.34	361.24	555.81	584.38	938.85	840.31	853.07	37.19	986.56	756.00	103.98	143.62	42.78	153.76	198.38	138.30	599.66	330.30	297.38	892.43	520.16	742.08	457.71	887.50	644.11	301.62	617.36	693.51	30.10	910.01	506.17	149.44	271.25	61.98	732.82	210.10	901.29	585.90	246.29	887.85	341.89	349.27	31.47	383.67	502.03	228.85	520.97	101.69	558.14	817.35	993.13	78.30	559.43	450.83	964.80	203.55	751.45	582.17	896.05	780.56	
492.18	402.22	929.00	762.43	463.20	661.82	971.53	364.50	247.72	217.83	252.35	588.62	566.10	282.82	971.29	68.13	510.67	492.26	168.82	68.81	309.61	161.95	146.12	868.04	611.78	110.92	71.59	363.23	692.09	966.64	143.79	184.27	368.86	72.79	945.70	831.06	733.61	917.23	195.55	980.34	135.06	446.90	568.95	700.16	728.72	540.24	767.29	239.39	32.50	935.12	307.20	341.11	97.06	452.32	209.15	707.84	562.24	279.74	71.07	254.33	246.37	213.86	437.60	614.23	285.65	383.30	445.29	19.27	300.53	639.85	
998.60	434.59	86.75	567.56	134.76	814.47	107.80	901.05	53.85	139.30	836.16	360.05	479.41	932.23	811.37	687.56	640.07	373.61	966.30	710.14	626.94	212.67	923.01	64.54	825.90	208.66	446.84	271.19	226.93	746.37	910.04	225.53	180.97	995.79	792.09	314.72	810.25	898.89	215.77	863.11	38.19	51.94	223.16	516.60	983.16	34.53	204.17	623.23	407.14	170.46	333.37	34.08	382.13	256.38	97.62	208.04	464.04	543.46	478.23	689.96	289.84	388.27	914.50	469.81	384.06	706.59	783.53	194.31	605.48	998.30	
57.41	642.67	50.24	279.57	159.28	33.40	313.10	362.44	655.63	719.25	531.90	988.01	752.33	913.04	244.39	848.95	121.07	707.42	392.42	598.30	397.39	681.25	985.58	311.88	151.06	369.63	18.47	933.59	562.94	622.95	931.89	619.36	265.62	981.13	897.93	423.89	14.53	211.04	785.33	669.17	929.28	317.24	657.17	681.61	230.27	900.56	530.56	350.35	607.98	921.98	947.65	5.37	603.23	933.23	316.26	753.29	302.86	333.73	686.88	864.80	955.67	618.77	484.16	221.29	599.90	382.09	644.18	613.43	592.13	429.51	
282.60	521.41	745.75	938.77	203.02	975.02	839.33	732.58	325.37	447.31	654.56	273.02	451.69	257.79	206.25	766.94	11.08	508.11	100.67	696.96	372.92	56.34	315.73	856.07	276.63	914.62	238.16	919.81	528.06	829.29	349.32	809.65	350.70	95.07	748.42	552.72	70.09	587.75	285.30	394.46	35.07	938.86	666.48	485.75	196.64	871.74	252.69	206.72	379.85	352.36	902.68	751.76	407.70	218.40	607.84	683.33	133.03	845.00	603.14	660.08	674.29	951.46	469.74	24.99	46.53	218.16	576.71	115.62	804.92	861.01	
509.08	838.98	799.86	175.56	324.73	995.51	47.30	576.42	202.23	426.14	927.79	104.91	177.91	335.49	322.31	784.74	18.82	454.34	629.75	620.96	114.42	304.04	572.42	583.16	328.03	617.95	800.32	903.74	732.57	605.24	764.75	241.65	444.22	564.61	416.21	767.95	560.11	462.51	344.37	761.34	887.65	272.16	865.25	65.56	606.65	187.56	849.31	624.47	640.89	479.05	245.43	754.32	782.09	816.86	337.48	110.12	434.81	137.80	13.86	167.38	742.04	777.61	408.03	186.26	342.22	823.25	953.21	901.33	285.75	297.59	
662.67	173.41	568.75	527.92	237.97	175.40	714.47	87.28	798.87	355.37	565.33	44.30	109.68	347.42	860.16	446.16	456.54	294.97	582.96	469.41	461.35	325.00	247.02	868.39	510.26	588.24	691.63	463.47	489.57	976.39	760.06	152.24	149.80	328.81	679.15	386.77	503.20	393.63	473.04	302.07	747.99	38.37	345.37	856.67	384.79	205.53	302.83	840.33	499.50	884.80	309.74	959.86	209.80	555.76	828.24	719.06	144.00	519.88	182.54	632.56	496.26	941.60	783.80	645.06	270.41	462.95	31.83	772.61	855.58	503.87	
74.68	603.57	541.24	419.05	460.25	925.03	623.59	762.08	765.36	123.09	646.88	75.11	82.95	855.68	629.87	910.19	574.74	772.86	430.07	756.28	405.43	925.33	697.88	189.23	570.39	967.28	651.18	601.22	739.89	506.76	105.09	813.57	110.33	645.33	232.63	569.58	570.36	855.21	331.66	335.72	977.31	977.54	409.83	60.25	833.22	39.69	969.45	407.96	811.56	399.52	164.24	216.98	324.85	861.12	405.21	894.25	828.40	56.39	495.47	568.30	562.15	599.56	381.87	671.48	244.88	613.50	241.06	814.24	468.71	571.73	
149.96	446.02	549.27	558.79	505.27	382.49	597.48	474.72	789.45	409.04	873.24	952.69	625.02	198.09	813.82	30.23	92.34	642.22	85.62	586.80	210.52	646.76	186.36	591.39	318.25	430.25	204.89	558.31	244.49	672.60	130.04	393.45	118.61	678.30	951.24	622.89	60.79	548.73	97.61	849.24	956.77	969.85	801.94	581.79	167.94	615.75	611.01	259.27	257.97	695.63	845.08	467.49	342.39	31.44	58.88	659.64	460.68	262.76	217.95	704.17	934.36	346.99	97.62	52.98	25.29	48.87	674.86	85.08	596.59	771.47	
933.32	553.36	741.32	735.26	135.15	908.25	351.01	745.16	167.53	607.98	440.79	12.61	75.47	782.18	43.04	133.35	441.83	502.73	395.11	658.78	206.90	329.48	5.76	303.52	381.45	30.06	351.39	56.31	114.14	946.98	826.78	47.46	500.34	568.10	781.72	634.48	476.36	132.73	379.64	642.89	739.72	819.43	654.49	814.19	601.62	696.54	946.54	43.44	199.26	341.66	701.22	405.16	670.13	705.99	707.68	51.59	735.04	59.07	106.90	848.18	6.05	932.68	894.64	505.39	500.79	676.36	139.87	976.14	808.10	518.51	
619.03	547.82	337.95	273.52	362.01	938.57	969.06	308.55	981.01	168.32	649.21	682.23	572.48	319.35	388.22	280.17	369.93	123.26	338.24	475.83	970.44	343.29	408.51	865.08	847.67	908.30	541.44	986.54	884.44	349.54	505.06	503.47	896.35	842.01	775.99	258.36	780.57	745.04	565.92	761.59	912.37	215.13	443.82	484.85	533.47	831.04	764.02	902.41	953.30	102.26	378.24	923.74	444.55	785.75	788.82	292.22	694.05	330.26	278.76	578.49	678.80	782.82	81.96	575.16	624.83	856.95	832.52	405.40	602.00	398.44	
166.99	514.36	612.56	609.81	998.21	146.04	440.85	762.23	48.45	394.15	863.49	425.68	317.89	308.03	211.44	106.71	599.25	904.49	435.98	877.02	482.99	114.78	659.84	563.95	688.94	284.67	420.90	521.46	689.07	22.90	918.89	855.06	536.26	531.46	464.87	534.47	676.50	904.72	296.70	723.94	298.87	160.19	149.63	615.76	467.22	360.07	721.47	66.47	264.56	157.44	942.49	746.54	271.22	602.33	310.49	959.16	886.00	730.39	480.62	575.07	752.29	399.51	430.14	288.55	929.97	894.01	822.02	606.47	798.73	118.73	
330.41	97.59	277.92	479.04	712.35	744.14	838.10	433.82	809.61	102.66	590.26	752.10	848.20	860.48	354.43	158.69	819.64	240.43	888.09	300.26	814.51	640.38	698.77	244.65	927.93	628.74	138.65	749.95	235.21	936.38	867.68	564.62	33.97	145.59	43.66	745.32	888.73	880.77	179.14	698.34	982.43	768.40	450.44	830.63	628.88	803.88	988.32	448.52	44.31	876.41	747.78	857.82	516.78	446.55	102.46	444.71	75.29	240.12	194.66	309.50	176.50	62.34	873.13	209.47	206.93	915.79	953.79	95.66	796.56	132.92	
793.00	778.98	900.32	243.44	609.61	529.20	47.32	597.94	976.72	90.63	474.35	724.49	947.45	990.13	171.04	49.91	434.84	245.34	289.03	628.50	553.84	464.53	689.84	426.96	673.00	895.76	342.75	626.78	990.42	139.31	758.71	783.41	917.29	659.03	26.85	526.91	188.23	73.17	124.84	164.94	162.80	598.19	888.44	110.25	588.32	59.48	159.16	23.16	303.82	447.19	650.66	856.65	910.71	340.50	283.62	583.71	236.26	625.37	210.49	226.67	763.68	968.20	10.09	680.97	627.23	35.94	207.87	814.46	108.12	331.71	
978.40	269.91	928.90	866.84	379.16	517.22	925.32	537.32	539.38	229.14	983.51	190.05	85.79	894.22	529.54	368.41	477.93	764.80	992.78	687.42	990.47	756.45	655.62	999.56	437.42	282.85	35.50	644.29	97.31	142.62	975.01	75.71	411.53	903.91	941.55	789.69	421.14	866.87	327.01	959.52	96.00	310.52	149.57	180.79	204.74	678.11	548.20	681.66	442.90	540.98	369.09	433.38	297.43	24.71	432.94	733.85	306.56	467.44	378.15	402.87	609.06	353.16	477.58	20.59	257.07	419.13	809.29	677.21	286.00	136.30	
636.73	381.00	445.81	785.30	560.79	649.55	463.40	108.99	331.21	905.31	648.97	699.30	338.68	945.40	723.01	770.62	679.26	29.57	238.06	57.41	431.45	846.12	409.56	908.03	865.72	665.63	327.16	675.00	342.84	612.16	810.30	978.57	992.16	256.11	763.86	552.95	904.66	227.27	660.94	235.88	132.57	309.91	934.18	470.26	255.31	657.19	240.88	933.57	685.76	477.94	989.98	117.21	324.06	399.54	25.24	189.78	65.18	351.40	863.78	407.02	962.56	674.08	385.58	954.72	929.20	149.45	507.66	833.86	375.71	168.60	
69.74	507.29	477.51	3.92	976.55	731.83	660.11	217.42	665.40	345.87	694.36	655.37	462.08	18.43	54.92	486.32	207.21	119.09	836.72	70.99	525.11	799.28	744.07	909.69	753.99	673.27	59.14	261.66	507.13	433.86	429.26	575.87	940.14	905.77	578.79	916.69	637.60	238.90	134.11	302.99	583.76	827.48	957.37	45.84	844.90	12.29	531.16	52.11	130.38	367.87	122.10	654.49	167.15	865.16	564.18	920.14	538.43	622.32	181.80	45.56	56.18	610.06	620.43	995.32	515.83	199.22	912.01	153.43	437.11	46.12	
455.43	20.88	872.60	412.79	65.72	717.50	424.08	595.88	768.61	553.46	962.75	889.70	207.95	129.90	754.87	771.13	50.04	293.30	393.45	230.84	337.86	448.62	839.90	957.29	443.94	355.74	156.51	355.95	508.17	592.62	401.07	962.59	612.50	273.66	375.39	677.22	990.16	798.47	273.09	758.77	351.93	235.85	648.47	558.88	364.75	403.34	330.00	413.79	695.64	722.45	643.64	33.50	171.07	483.54	989.78	614.01	838.28	146.29	968.95	346.45	737.91	370.02	309.04	350.40	642.68	683.43	27.62	632.85	481.90	299.71	
391.62	832.82	534.56	40.09	391.70	898.31	442.43	720.70	312.10	138.06	443.15	954.74	170.56	613.22	438.28	160.34	227.23	276.56	305.63	196.18	622.00	43.54	565.20	930.04	392.94	207.89	613.47	419.56	839.74	95.36	718.27	231.35	927.19	252.83	270.44	318.89	151.14	711.87	39.59	462.24	848.93	481.74	416.98	19.49	94.96	854.26	178.83	321.19	130.81	483.46	516.37	751.81	526.00	81.57	681.85	917.94	288.46	295.32	337.50	128.20	389.68	55.78	358.55	316.87	307.61	627.99	634.75	457.75	339.86	673.34	
919.00	188.79	155.08	335.98	207.28	249.04	190.23	385.11	569.23	320.05	867.58	85.60	71.86	393.58	166.17	752.71	311.52	453.63	48.03	648.02	580.83	436.71	702.80	938.38	752.58	10.41	566.37	387.33	467.17	905.22	60.67	386.16	94.01	214.76	721.14	300.29	462.80	910.37	684.40	32.03	230.42	551.98	116.63	301.28	944.55	281.80	53.99	256.07	734.43	101.02	903.10	315.26	536.73	605.89	253.64	289.31	615.31	819.00	675.64	82.47	724.22	735.31	467.63	817.23	949.06	188.77	117.52	411.86	99.14	800.92	
442.89	328.56	352.90	558.52	628.84	297.45	839.32	681.83	552.53	573.75	781.85	455.62	888.00	318.58	61.52	141.64	606.89	675.82	959.64	282.52	757.29	683.86	17.83	224.92	501.09	965.89	412.69	617.61	377.75	510.84	418.53	819.64	838.40	770.43	378.16	467.24	67.88	217.47	149.07	619.40	790.22	929.92	75.03	678.22	248.50	135.54	818.86	854.38	810.36	778.50	136.90	567.65	462.37	153.73	791.58	962.46	119.62	204.27	580.08	496.37	714.11	997.61	316.01	552.51	768.04	693.17	19.75	834.92	909.65	167.81	
454.32	699.86	97.73	528.35	378.09	345.22	662.89	196.95	199.60	473.25	974.46	335.51	40.91	436.82	488.24	831.48	399.29	606.86	35.76	978.36	103.23	748.87	975.97	418.24	301.38	744.01	111.41	320.12	578.92	21.06	486.94	33.24	719.92	583.67	560.59	98.01	927.89	223.47	293.96	127.49	695.73	268.42	462.00	735.63	704.24	949.23	567.12	103.53	556.09	601.87	81.89	658.32	350.74	57.86	76.56	651.12	800.87	186.97	970.25	379.79	207.03	457.18	412.03	925.95	40.85	971.61	23.96	967.74	195.09	316.92	
95.23	889.81	584.34	556.23	625.45	288.59	505.47	192.56	391.12	61.56	793.44	472.01	718.87	144.18	528.87	794.43	794.30	329.74	980.40	764.55	708.53	187.43	221.73	120.56	113.38	261.58	92.18	136.34	229.32	286.26	452.26	323.55	176.08	36.60	878.78	800.53	324.19	384.24	992.09	714.31	444.80	785.52	186.32	163.67	928.70	714.19	957.10	723.01	43.94	937.50	487.55	751.47	124.93	708.28	871.03	237.31	968.86	962.20	372.65	198.18	248.47	823.91	520.73	423.55	859.51	399.50	224.07	183.70	782.75	216.16	
897.00	227.55	1.69	83.32	390.22	929.39	796.52	347.32	652.40	839.45	284.83	139.95	590.92	408.76	847.23	461.95	645.07	816.09	424.16	17.71	14.27	671.62	840.62	534.00	95.17	700.13	932.50	318.25	882.82	715.25	533.41	779.83	941.80	534.10	862.15	332.02	463.49	658.67	678.34	115.88	498.12	962.17	254.83	89.04	370.93	102.06	549.99	15.99	917.16	973.15	32.71	930.43	644.77	872.33	464.42	738.95	572.45	396.93	57.19	455.28	112.18	589.60	235.11	53.98	123.70	97.26	385.00	586.19	754.92	63.34	
701.07	253.04	25.51	954.90	341.09	395.44	56.97	890.08	410.43	973.13	863.23	442.14	903.55	508.00	314.46	367.98	246.94	885.92	763.90	303.14	341.19	875.08	891.74	575.30	928.06	15.44	671.55	313.06	600.63	426.48	375.40	301.70	678.52	399.90	256.60	19.61	794.34	312.57	908.68	204.77	285.70	771.91	645.91	189.25	279.91	959.37	556.23	525.85	845.28	320.13	827.99	186.48	195.22	719.73	760.77	123.28	734.16	432.33	435.33	334.79	857.80	809.73	635.49	536.32	209.63	891.09	554.93	3.97	203.66	463.61	
207.74	488.36	235.52	852.65	676.61	514.43	812.02	232.84	40.28	657.30	551.97	867.26	842.78	746.19	586.99	603.55	868.46	321.15	35.88	303.80	654.94	892.68	113.52	290.43	429.01	322.16	181.53	982.94	325.13	384.19	446.55	531.87	871.55	681.07	384.52	548.16	195.50	196.53	780.00	234.78	852.84	331.97	102.04	695.62	78.16	688.03	299.17	945.63	9.18	334.05	249.42	663.12	226.73	361.95	952.56	654.74	683.10	134.08	637.68	8.23	517.27	84.24	539.10	388.82	764.31	922.62	935.99	958.81	119.15	715.99	
193.59	970.99	47.96	294.63	666.60	125.12	981.66	964.77	70.75	989.84	298.82	319.17	652.96	524.56	680.12	605.51	179.30	363.22	738.60	815.98	370.45	255.87	899.22	908.55	643.69	663.53	831.17	579.68	622.34	949.32	295.66	814.93	920.31	342.63	109.56	586.91	466.75	91.22	551.68	536.50	81.05	849.51	854.67	733.01	374.06	534.79	338.52	552.36	897.01	77.12	368.34	267.46	331.99	267.56	176.02	974.68	930.09	7.19	554.36	552.43	955.51	849.02	367.36	875.81	191.65	475.92	462.72	657.40	566.14	14.41	
193.89	646.19	862.91	48.56	379.19	236.97	582.35	716.72	788.33	479.36	792.84	156.68	745.82	124.83	423.24	920.84	99.51	353.32	927.03	652.87	904.75	882.53	501.89	272.11	758.35	692.54	747.03	221.07	349.94	313.17	234.48	542.83	958.35	97.39	590.40	337.55	333.36	172.75	54.27	121.70	651.11	846.10	277.37	396.93	969.93	699.61	317.77	69.44	52.93	244.80	721.31	956.69	127.33	223.20	228.80	884.68	914.74	974.83	105.75	264.68	288.00	339.23	806.51	246.36	435.62	396.91	582.91	767.98	568.65	636.17	
888.68	219.76	482.27	166.05	615.69	452.20	864.66	932.46	520.64	916.59	177.27	241.95	873.28	303.60	464.15	102.08	188.28	378.89	76.91	293.03	642.58	363.92	631.26	449.09	609.27	66.88	845.00	192.18	833.86	413.65	827.35	722.54	632.41	309.62	887.59	248.11	760.83	752.26	180.57	281.47	668.85	356.84	522.43	542.13	659.44	985.58	643.21	846.72	364.47	719.12	139.75	7.05	83.04	770.00	455.14	691.31	835.88	300.14	882.49	669.74	712.79	709.84	392.28	345.20	19.47	279.87	592.31	779.30	32.13	771.88	
60.77	699.98	128.71	582.19	242.11	787.15	567.77	884.32	633.86	931.25	603.44	772.61	937.29	685.48	542.61	392.43	376.80	378.49	691.57	259.29	48.23	404.36	968.13	439.51	748.56	986.60	718.39	340.87	765.90	749.52	112.74	825.67	449.50	240.46	407.86	690.61	27.60	974.63	574.93	660.47	905.88	178.38	433.08	843.17	862.86	974.69	235.61	239.66	353.18	926.18	497.95	400.42	330.53	466.08	838.93	79.09	452.68	557.32	418.96	218.58	306.84	530.70	44.25	755.34	770.16	451.11	445.95	796.76	425.74	20.88	
457.23	331.62	198.26	889.31	174.79	61.12	864.00	409.40	299.79	217.18	335.58	796.74	616.60	665.11	262.82	455.53	743.20	714.50	12.85	162.16	932.08	318.68	691.86	975.33	74.02	462.02	426.44	518.97	258.78	851.18	538.85	715.02	182.80	736.11	604.32	356.59	796.24	468.32	765.00	96.02	684.50	100.57	891.76	301.10	764.68	154.58	755.63	507.88	868.08	767.48	669.04	800.17	86.16	360.91	775.50	159.18	821.93	201.93	677.15	80.71	53.11	216.00	794.73	234.91	951.12	399.05	590.51	747.35	866.38	355.50	
842.38	550.88	455.07	734.14	850.98	219.76	887.72	606.61	726.64	755.80	374.09	395.68	555.97	459.25	755.59	331.47	617.42	577.52	532.40	294.57	657.24	584.51	509.57	451.97	818.43	460.69	850.02	408.93	208.04	716.40	763.43	50.42	267.28	218.51	783.56	118.26	437.26	671.28	723.87	163.90	427.08	97.96	558.59	982.05	556.20	314.18	313.52	173.63	890.70	844.92	467.20	547.94	429.43	975.78	998.90	247.86	436.46	848.92	655.79	643.51	565.32	419.22	692.93	831.60	636.73	476.49	948.85	73.99	147.77	672.72	
236.89	573.85	769.68	794.48	555.91	325.88	108.65	868.42	498.51	998.35	713.34	964.71	546.29	142.78	940.49	545.20	389.63	376.95	394.12	45.42	20.46	958.44	463.65	712.39	790.04	100.37	188.88	738.89	173.36	335.66	411.61	409.25	908.51	181.29	203.73	464.42	506.17	311.38	332.84	4.68	309.74	46.19	968.39	855.03	187.96	908.88	400.22	576.60	285.83	793.34	621.02	305.29	751.79	84.67	17.68	541.82	184.04	205.57	280.71	356.40	540.22	691.33	764.65	448.74	871.62	967.38	912.15	377.79	278.77	245.00	
381.48	587.50	290.18	349.87	442.53	477.15	258.75	841.75	53.75	543.58	635.10	673.77	847.87	386.88	757.43	864.56	927.71	940.47	70.12	208.42	296.88	609.35	898.75	61.53	58.08	770.37	28.91	969.24	148.16	306.68	214.23	528.64	893.18	503.42	877.51	335.71	979.56	136.26	177.47	33.31	678.84	811.57	706.08	526.71	198.45	463.51	391.27	126.16	403.99	460.39	333.58	699.86	69.74	232.33	760.39	126.82	2.69	788.31	96.06	149.85	94.99	309.29	677.49	987.17	811.71	554.99	322.88	791.27	690.25	499.35	
823.58	369.09	310.92	529.66	894.80	508.37	992.17	286.07	633.52	396.15	745.46	966.10	96.02	814.20	198.43	855.41	940.02	200.12	643.72	36.07	348.97	737.71	344.36	26.46	724.88	156.07	580.45	47.76	946.34	270.70	546.11	769.91	638.79	856.03	299.57	533.59	364.40	291.74	818.66	996.92	686.89	564.12	963.02	781.91	378.32	161.45	637.32	318.34	360.58	281.04	353.41	708.55	18.75	696.77	734.01	742.63	851.84	314.46	789.39	798.17	584.16	335.50	568.08	222.95	191.54	866.65	755.54	554.93	158.39	574.20	
551.85	844.28	138.32	514.87	626.19	515.64	675.33	263.51	832.98	35.90	543.54	186.38	743.45	561.29	882.15	477.46	303.91	733.99	790.92	93.30	532.16	375.08	427.81	100.24	597.02	618.34	965.90	352.56	173.28	124.29	925.76	724.13	967.57	64.08	239.00	593.76	578.72	913.33	856.27	411.69	948.23	399.81	597.08	691.68	960.10	479.23	169.14	264.01	213.22	959.06	356.32	744.38	334.13	783.13	843.63	930.16	401.47	809.52	282.72	573.75	932.82	208.48	297.87	900.39	271.56	535.87	494.16	849.28	449.20	350.43	
260.98	397.43	749.24	857.06	89.12	709.34	336.29	257.26	972.35	548.51	216.32	328.67	292.89	549.45	111.79	136.52	479.61	512.26	945.05	761.33	86.01	877.86	968.81	382.88	778.25	240.37	917.76	272.41	89.66	366.96	621.83	349.63	763.40	371.07	206.69	851.51	80.41	541.98	108.77	52.76	90.49	324.09	380.43	382.39	872.54	491.22	517.91	352.15	3.48	462.95	113.48	88.50	340.81	82.29	470.38	119.07	321.66	388.14	390.47	410.32	754.10	12.31	758.95	517.50	382.38	964.64	369.01	461.78	506.62	476.78	
513.54	596.11	799.87	892.97	977.50	672.41	384.19	495.41	24.55	386.67	957.36	137.03	474.17	298.17	218.32	943.55	416.24	538.98	331.68	805.71	948.29	85.78	817.02	707.24	602.28	199.39	671.88	970.29	660.18	178.50	447.07	173.72	773.62	246.94	66.69	751.12	918.35	449.88	246.52	941.90	835.55	203.88	78.93	309.71	501.05	296.25	253.26	916.29	834.22	583.94	722.00	782.51	668.72	539.02	489.76	271.00	737.41	161.64	241.29	397.59	339.14	687.36	570.31	112.76	933.30	636.00	862.87	851.65	85.87	109.40	
793.55	920.42	312.28	871.49	230.13	812.33	167.73	482.39	728.62	1.96	66.33	450.62	783.47	734.06	988.63	273.23	5.06	726.04	433.86	245.35	123.63	772.01	931.72	692.94	883.76	865.02	328.94	746.64	716.67	413.81	855.03	510.22	334.23	167.31	381.70	563.37	978.64	548.44	45.76	707.26	549.39	111.09	157.87	332.86	844.15	146.51	605.09	848.21	871.55	38.96	93.57	994.18	809.96	25.28	687.12	693.73	889.30	16.07	440.36	605.96	428.88	295.40	116.18	762.11	461.71	496.89	325.48	440.35	45.33	370.24	
147.61	593.72	480.33	304.48	925.58	324.48	449.99	530.67	172.69	321.54	568.63	265.26	315.72	378.59	289.54	2.85	72.32	178.84	17.91	511.68	783.81	445.79	806.08	898.99	207.91	267.79	395.88	532.39	707.14	440.21	901.62	853.74	33.93	381.96	158.22	958.51	705.44	607.21	489.18	877.13	927.75	57.81	142.39	243.48	435.40	430.93	245.32	506.72	608.77	262.24	18.40	392.58	707.03	823.48	291.57	913.93	91.26	686.45	446.32	797.40	126.65	347.94	651.14	159.58	728.90	808.36	118.09	434.34	415.58	606.27	
311.47	343.33	663.08	452.86	585.81	98.49	882.79	830.13	604.21	491.56	92.37	621.61	883.14	798.39	445.08	174.71	712.33	535.35	860.16	158.65	332.75	985.81	505.59	982.89	145.38	234.49	791.25	262.47	667.83	206.83	867.74	978.29	549.16	530.82	431.15	134.97	628.31	313.94	964.10	232.52	804.50	56.46	853.12	687.65	853.86	298.21	861.36	566.19	832.55	721.51	723.83	165.30	707.32	229.42	148.18	851.71	462.91	938.43	114.18	130.74	145.26	980.92	109.03	693.42	511.74	539.18	827.39	140.05	852.12	791.49	
371.56	656.62	846.95	224.68	344.27	700.81	521.89	205.63	267.00	354.45	926.14	989.83	518.74	633.46	219.25	665.93	485.17	681.17	604.36	598.34	810.91	748.63	579.26	918.94	442.05	90.99	458.12	269.44	230.04	310.24	60.92	600.60	965.87	906.87	824.28	310.14	607.68	346.17	514.77	873.68	699.62	440.91	863.51	218.36	74.37	82.76	883.29	558.53	762.93	487.66	156.88	573.84	236.29	735.13	492.78	677.33	825.13	949.91	945.77	55.17	260.15	6.69	654.77	226.02	912.57	479.05	535.16	520.25	824.23	49.93	
393.93	523.85	489.83	257.44	741.21	563.20	339.20	624.51	121.74	102.13	112.17	277.61	674.97	347.45	12.75	167.76	24.79	836.88	117.66	969.56	891.05	376.81	975.25	545.82	601.83	887.82	24.87	136.99	408.07	848.10	185.92	800.99	371.94	674.75	58.43	113.16	237.95	396.63	736.66	358.69	497.76	847.83	635.30	172.74	195.28	647.05	339.50	219.07	483.93	456.16	188.62	374.98	831.97	163.87	919.79	433.81	51.69	943.66	569.80	458.75	791.76	754.72	259.75	163.70	429.47	317.18	275.86	666.43	712.81	12.52	
25.12	210.58	859.35	659.42	382.31	54.63	306.47	720.81	272.70	789.40	176.97	460.32	164.38	8.94	623.20	84.17	441.75	673.88	27.83	11.55	132.63	818.59	765.27	391.38	981.29	194.74	707.56	257.14	860.17	420.37	268.67	884.29	629.95	128.02	543.71	12.26	181.65	849.18	732.07	453.35	638.58	908.04	912.68	801.96	915.99	535.88	885.12	357.74	209.76	911.95	368.29	341.39	730.54	133.56	731.77	711.83	327.30	439.33	967.97	187.47	858.71	236.64	71.76	488.66	363.65	614.47	499.92	544.31	463.65	231.99	
996.66	102.22	140.04	909.34	903.18	56.02	445.22	788.31	412.76	653.97	700.26	780.05	994.37	430.80	912.61	726.14	142.62	239.92	165.48	110.59	426.39	24.18	346.23	497.15	511.84	708.88	111.62	11.76	253.19	574.26	242.75	249.85	675.49	381.79	159.19	578.67	436.81	603.41	366.97	848.58	257.38	67.23	628.63	251.75	497.03	541.24	976.89	638.66	780.16	142.36	748.25	206.55	165.54	94.48	702.70	676.38	802.37	813.32	687.14	55.55	387.58	928.89	304.41	63.07	310.68	462.60	640.74	746.50	66.00	7.72	
595.07	322.38	73.95	223.70	573.13	569.98	763.94	550.02	208.64	544.10	691.38	955.90	749.64	855.92	50.38	452.34	532.31	851.74	265.66	219.45	906.30	652.25	148.34	210.70	714.32	458.02	672.30	355.06	204.52	737.30	361.78	798.59	59.69	434.73	22.29	631.82	4.72	785.23	181.83	212.36	329.33	872.21	168.26	78.97	728.13	217.63	530.32	260.44	69.38	794.98	478.89	974.67	447.23	626.23	185.38	161.55	84.25	856.68	515.62	287.77	593.98	876.40	86.36	652.67	311.13	107.66	284.48	314.85	891.89	465.32	
526.21	221.22	337.53	693.46	299.19	65.66	910.10	828.51	325.10	978.47	623.50	802.99	953.15	70.73	429.22	138.53	231.29	512.47	994.21	745.90	799.24	588.19	622.30	884.60	240.85	932.43	991.26	524.34	247.28	883.15	988.65	772.49	104.37	326.18	465.96	402.56	390.84	376.05	231.08	714.94	354.53	853.57	517.93	307.68	923.30	946.15	445.20	154.59	458.62	439.41	899.49	257.85	27.59	521.80	142.45	267.45	454.23	133.71	790.78	700.51	16.86	779.44	473.00	120.23	105.62	937.96	521.79	495.46	314.01	751.86	
210.40	667.54	605.44	727.34	974.21	528.74	673.48	419.41	682.33	132.10	857.82	581.83	388.95	884.42	103.62	530.41	151.86	556.85	663.12	941.65	257.36	678.98	721.08	729.36	798.21	825.70	667.32	319.99	321.16	980.33	71.86	530.57	647.87	676.29	257.90	622.08	205.03	930.39	41.49	886.37	62.49	898.31	468.19	450.44	782.73	570.81	979.85	933.59	127.66	642.97	875.24	384.03	321.95	596.32	113.39	120.16	422.03	779.71	439.15	742.19	760.04	510.01	272.76	407.90	186.30	529.66	29.98	390.33	460.05	70.47	
276.70	521.54	967.79	743.89	970.98	750.52	314.70	950.83	684.11	441.37	593.80	559.35	824.39	914.75	155.68	936.78	34.90	576.70	716.49	473.05	318.89	476.53	982.06	590.65	883.43	168.36	120.31	912.41	557.69	579.35	981.89	833.39	100.89	949.67	577.27	71.87	700.19	890.98	22.70	384.30	332.34	615.50	942.65	156.73	530.24	98.33	93.52	564.15	674.03	809.00	37.20	991.92	285.53	19.26	582.57	168.96	186.62	701.88	81.38	743.31	281.23	63.26	576.69	381.12	12.94	153.97	451.99	712.13	44.94	473.69	
96.43	376.29	89.18	39.09	532.02	618.43	136.42	624.54	182.58	809.45	433.54	218.78	801.37	718.07	237.04	383.94	886.04	422.66	85.82	966.41	165.96	366.05	29.68	741.66	746.17	41.61	894.62	198.17	752.74	938.56	670.85	848.17	314.85	759.04	886.26	845.87	377.46	22.68	470.41	559.04	831.12	902.95	776.82	632.50	621.02	13.86	16.44	507.06	435.52	101.26	473.47	600.48	466.31	502.15	342.14	212.49	542.76	236.76	409.65	295.50	175.32	80.51	143.68	489.17	838.54	29.94	335.04	216.00	51.62	804.45	
774.04	881.74	707.39	550.86	514.24	328.41	563.72	529.68	834.47	998.24	629.93	307.94	598.72	96.25	809.09	939.85	307.73	351.85	176.61	716.39	646.36	350.93	795.89	789.03	839.10	634.43	817.97	174.14	849.44	868.59	977.59	623.48	750.33	684.98	174.34	264.57	13.39	737.06	793.24	846.86	735.30	423.18	154.80	334.01	518.42	962.89	273.87	825.16	314.74	449.48	541.54	960.10	799.40	337.43	749.13	638.50	970.87	567.11	811.65	820.31	435.70	789.23	443.79	186.03	474.21	617.13	449.59	486.61	354.19	242.84	
333.47	89.49	665.01	487.28	422.51	183.44	450.17	695.37	8.59	763.91	144.85	549.14	724.01	943.25	885.57	473.14	581.76	856.44	40.25	393.40	676.74	474.95	182.64	120.53	659.97	655.85	736.66	109.57	142.46	90.86	351.41	474.93	179.35	16.42	961.21	600.85	198.86	411.37	296.23	206.45	175.28	440.08	754.58	898.29	383.33	640.16	371.43	964.09	496.59	410.68	357.49	173.34	884.63	539.13	292.87	544.61	194.98	29.53	653.17	336.44	119.38	4.58	810.37	297.73	20.00	771.58	897.59	217.86	182.95	193.81	
423.30	357.24	632.89	177.89	255.53	16.22	817.04	625.97	979.31	313.64	36.65	336.80	485.97	920.28	874.93	777.84	464.89	69.91	806.37	118.06	405.35	924.76	121.64	215.72	222.49	140.64	986.30	120.08	357.50	169.25	312.89	779.80	525.49	944.78	956.69	780.02	960.00	773.73	405.99	939.31	87.37	441.64	276.11	572.35	361.92	151.04	350.19	825.80	219.95	156.56	942.86	624.30	81.31	64.51	839.02	302.80	204.15	825.32	421.88	560.64	993.57	733.77	340.44	519.06	678.55	297.13	299.09	638.55	70.87	704.08	
577.87	157.24	145.71	852.98	728.58	506.63	4.02	78.77	332.44	222.97	234.33	275.30	846.27	314.64	338.81	685.29	616.45	541.95	510.61	38.33	102.60	504.18	771.09	442.04	23.25	449.65	738.17	321.33	88.20	808.04	25.41	665.07	964.28	170.12	518.04	692.86	675.76	521.06	770.63	8.19	743.03	4.96	282.49	589.30	318.60	620.30	274.59	934.05	162.25	784.20	971.38	263.85	288.38	742.47	704.89	310.63	192.12	443.06	630.96	279.32	251.10	655.37	943.38	215.38	824.49	461.43	907.24	500.24	981.49	677.87	
507.44	724.53	681.83	788.93	313.83	999.43	409.23	587.42	933.48	570.48	371.62	904.86	833.33	659.00	647.33	538.22	968.62	838.45	980.28	599.58	117.76	231.38	254.95	61.14	445.76	79.44	521.57	353.00	578.68	503.06	30.86	86.11	227.59	711.69	874.04	540.42	711.12	283.27	127.84	644.60	852.75	498.45	549.46	686.09	157.45	196.79	224.31	126.08	35.24	204.59	724.66	152.00	434.97	978.61	212.15	879.72	58.04	732.72	232.72	635.72	235.78	262.58	720.84	462.37	973.27	594.88	2.78	684.39	877.15	129.62	
329.00	729.91	627.07	877.46	415.99	783.53	74.25	639.30	908.61	108.49	842.88	633.27	259.49	277.85	611.88	470.63	157.57	668.92	203.35	389.29	304.64	438.13	650.88	25.48	899.49	624.15	619.36	901.28	308.54	496.51	30.89	636.54	226.42	656.96	514.00	641.41	440.49	587.25	280.70	349.10	694.74	123.59	981.36	953.23	400.44	593.24	423.86	557.01	262.16	626.21	945.30	565.80	64.34	596.18	590.28	962.83	220.33	209.64	864.10	527.88	705.16	894.00	164.42	930.57	550.96	677.42	571.98	990.45	264.67	851.69	
339.55	958.41	974.27	320.91	911.64	374.71	913.15	335.50	930.72	175.31	960.70	876.02	740.11	25.04	472.21	330.40	986.87	691.54	539.04	850.97	219.41	244.20	744.97	382.83	174.77	295.93	60.25	745.75	286.39	323.93	597.44	624.94	282.34	571.71	944.85	193.97	945.42	858.00	528.47	876.14	33.31	489.17	752.16	772.42	513.21	224.37	102.82	500.08	914.90	640.86	351.06	134.32	884.06	96.03	516.15	58.83	390.96	575.41	803.59	676.35	898.33	401.03	301.29	180.67	971.74	246.14	373.64	917.16	104.14	901.11	
793.29	136.45	390.29	545.45	907.87	902.50	768.82	10.70	402.58	683.72	650.56	752.64	817.04	534.62	847.68	333.19	592.45	238.64	907.59	396.04	913.99	805.92	796.07	215.28	985.59	767.81	460.42	359.23	684.96	563.56	260.35	478.26	699.01	649.63	23.71	606.88	552.13	791.53	616.58	953.72	475.25	267.14	706.36	292.29	800.76	554.04	624.48	393.21	791.68	532.07	788.26	705.67	337.99	584.33	919.95	323.59	352.14	380.37	681.82	37.10	942.93	941.17	514.36	641.94	590.80	537.06	248.82	142.93	328.59	864.40	
