70
70
56
454    227
454    136
492     98
 93     46
238     47
466    233
 72     28
337    168
388    194
266    106
237     94
111     55
198     99
169     84
131     52
254    127
327    130
430    172
161     64
363     36
330     33
378    113
156     46
225     45
484     48
231     69
 74     29
 75     30
331    132
403     80
471    188
353     70
 75     15
328     32
401    160
220     88
123     36
334    100
408    163
 24      2
144     72
324     97
290     29
181     36
334    100
283     84
443     88
420     42
129     64
340    102
 42      4
355     71
359    143
241    120
448     89
370    148
107     21
 10      5
293     29
218     43
468    234
142     71
337     33
 32      3
298    149
 90      9
133     13
302    151
229    114
354    106
726     90      484
769     49      685
597     87      293
196     24      315
918     43      512
559     72      451
553     53      592
189     28      227
769     46      378
909     18      290
158     96      219
136     76      233
221     86      521
296     26      396
633     68      551
601     90      345
623     21      476
163     38      573
253     92      689
232     59      629
396     96      634
587     98      475
373     91      692
209     28      392
338     38      499
608     13      473
780     92      231
653     65      432
627     88      374
797     56      469
434     91      540
211     66      658
359     91      700
770     25      379
731     63      272
275     87      512
286     57      630
867     60      410
131     62      539
294     37      307
390     69      246
359     95      304
138     73      587
960     91      567
454     57      501
518     69      684
746     99      212
439     65      276
497     81      557
209     51      447
704     16      204
848     55      490
740     37      221
142     11      442
987     46      682
436     97      521
731     69      462
435     65      459
905     66      499
128     54      636
447     17      474
740     77      338
769     46      594
494     59      474
881     21      517
986     77      412
581     54      285
167     45      447
240     90      623
387     70      370
159.27	855.47	548.21	336.86	630.37	807.99	105.21	554.75	437.91	224.63	45.21	771.77	290.12	617.00	138.98	816.33	589.91	507.48	710.59	944.32	480.87	837.89	35.09	797.60	942.72	451.48	507.38	99.66	517.39	747.15	79.60	675.66	602.62	626.81	12.52	232.99	434.80	116.74	786.74	871.71	340.37	830.95	643.48	629.49	447.95	781.46	445.82	37.86	288.94	156.41	981.18	768.81	993.30	16.27	566.41	936.02	466.75	73.78	35.68	983.14	819.93	114.28	658.80	422.55	740.09	670.33	654.55	174.89	786.06	441.29	
46.60	126.43	272.24	689.08	754.92	719.20	470.54	200.74	756.06	758.49	356.16	737.24	527.30	349.46	752.50	93.71	285.48	219.25	166.49	320.16	202.40	985.42	433.44	860.20	407.98	173.53	530.53	62.52	347.42	316.59	502.81	393.01	442.02	774.05	82.09	196.94	493.25	551.64	396.69	249.31	310.13	751.85	985.54	836.42	101.30	738.05	929.13	385.78	956.30	95.62	704.94	158.70	81.04	138.38	18.90	488.02	310.91	548.43	549.54	657.32	864.03	52.35	50.34	306.05	825.41	131.43	501.99	318.66	682.07	897.68	
566.96	991.20	649.53	552.50	827.62	749.83	290.55	756.75	135.61	246.85	851.37	839.55	404.55	931.41	976.93	422.45	419.43	287.84	969.88	967.97	944.16	833.91	20.32	993.50	139.96	844.73	124.93	640.95	163.38	806.00	538.63	729.34	797.19	188.16	281.85	624.81	936.99	571.39	381.56	72.60	817.25	232.93	911.16	221.79	164.34	888.09	643.25	582.77	175.93	613.13	550.74	120.09	447.04	570.06	113.59	586.00	414.78	237.52	226.95	577.17	43.52	764.58	306.51	839.71	951.74	587.35	464.53	888.73	158.75	845.09	
960.33	974.99	78.03	871.49	196.79	241.37	759.58	839.04	823.14	934.51	452.17	373.88	54.60	898.21	942.94	167.19	484.21	357.72	403.72	710.16	933.89	446.23	474.74	240.40	285.95	426.48	826.75	749.47	315.21	984.50	594.57	275.54	959.49	671.59	147.03	156.28	911.96	905.62	994.32	735.11	840.13	446.48	108.99	893.73	344.69	51.93	60.93	827.90	408.65	463.64	538.05	342.54	908.88	12.79	581.94	194.82	438.27	408.69	943.30	752.48	393.19	537.86	28.02	352.68	209.46	174.06	507.97	121.42	79.67	502.29	
855.53	918.80	947.77	963.52	812.53	292.46	15.45	872.46	120.36	423.10	336.10	657.41	764.64	244.98	669.20	346.58	438.80	107.47	754.27	382.10	858.95	147.46	918.96	885.97	499.15	128.42	60.03	7.11	248.84	138.70	508.40	104.37	57.50	456.17	67.88	869.04	747.63	82.33	741.49	866.98	504.43	77.60	524.39	269.07	321.57	193.60	614.65	759.37	300.07	368.92	141.47	159.02	515.38	60.43	44.99	14.52	187.85	104.02	20.64	435.69	241.72	528.03	539.05	298.23	983.20	605.94	167.26	730.83	687.26	907.76	
597.81	191.69	984.35	122.20	459.76	305.93	314.80	74.41	65.30	613.87	442.32	205.77	771.89	956.70	265.20	815.88	970.22	452.05	918.91	989.86	886.73	160.63	517.89	425.79	457.86	501.09	31.72	624.12	231.92	717.99	531.88	828.73	908.68	516.23	949.93	368.44	821.16	264.73	441.84	885.46	877.60	883.17	91.23	649.49	839.87	355.42	465.38	810.09	806.47	384.28	799.95	693.20	543.92	317.84	118.99	1.77	817.93	149.71	624.90	49.84	866.70	156.78	877.57	775.38	672.01	827.50	143.82	493.17	92.23	584.66	
378.63	968.83	467.83	468.86	618.32	307.70	823.28	83.70	117.79	629.75	466.99	916.73	322.95	10.90	234.57	440.94	11.68	52.50	589.65	635.57	101.35	456.36	791.35	977.92	231.74	463.37	805.42	374.56	955.54	896.65	958.22	334.17	865.48	426.05	802.03	483.80	732.75	625.31	566.51	849.54	255.07	33.49	766.27	577.02	43.39	999.85	17.96	54.07	52.35	606.61	688.64	152.69	62.97	480.00	130.61	293.71	942.36	935.03	667.26	897.90	831.67	625.49	232.08	697.15	51.54	34.11	180.96	783.29	658.42	746.46	
632.83	912.49	778.95	399.10	489.51	821.35	398.94	506.47	874.42	450.29	113.08	563.06	601.99	175.05	43.06	731.60	467.76	984.42	666.62	135.02	882.32	498.30	759.51	114.39	195.45	810.05	147.50	375.41	593.34	804.93	121.87	226.16	717.41	899.83	624.26	206.92	721.17	23.20	712.38	595.59	472.49	824.46	158.65	74.48	998.51	200.70	805.08	466.27	185.12	471.70	600.29	67.44	969.00	359.80	180.83	164.45	169.85	327.34	538.86	762.19	132.26	659.73	987.35	848.67	559.56	611.61	55.59	280.73	633.82	766.98	
875.32	106.31	591.44	33.97	179.79	589.96	233.67	983.87	56.23	417.79	455.57	655.52	484.23	424.57	15.32	664.06	588.02	184.17	990.40	126.89	945.35	122.66	785.62	932.70	970.34	345.18	544.31	25.93	624.91	178.13	791.91	500.23	283.44	383.35	533.20	462.23	972.31	765.87	446.10	28.53	183.67	900.66	683.05	666.90	325.23	697.37	330.96	912.26	880.54	321.36	39.14	825.89	443.02	823.76	758.60	413.36	168.94	302.91	438.29	792.85	480.04	230.20	293.09	762.48	612.55	825.29	224.71	584.85	591.17	669.81	
612.39	773.83	570.47	295.44	440.73	894.70	991.81	770.69	806.96	872.35	92.06	845.10	698.25	534.08	668.86	456.84	946.44	836.80	758.75	384.73	629.66	238.80	613.93	921.75	1.28	226.48	747.04	224.99	810.33	338.20	893.79	422.72	112.04	464.26	717.16	551.77	358.97	708.97	322.46	165.92	581.32	413.51	11.02	279.57	946.59	678.89	735.41	893.04	515.69	494.16	277.77	145.35	731.96	890.69	67.10	732.24	117.17	813.13	956.23	926.50	151.34	850.02	349.21	262.37	314.28	66.37	813.14	672.25	774.34	135.60	
837.18	355.66	548.11	847.20	634.22	494.70	526.09	369.63	387.74	41.78	862.79	664.51	186.13	594.75	555.20	252.22	326.99	671.37	65.36	283.21	597.87	215.69	133.23	946.08	477.07	446.52	12.45	290.20	118.77	785.79	424.80	954.95	141.45	971.91	802.15	774.68	466.62	328.23	144.31	853.36	369.01	7.10	517.86	554.14	600.85	73.06	805.36	926.84	743.43	869.72	210.06	341.30	85.41	342.29	287.39	561.48	787.81	298.84	850.68	905.58	84.64	275.48	860.53	225.09	247.39	662.67	998.77	713.01	989.91	143.08	
566.36	358.92	149.18	84.23	912.05	749.03	156.29	717.41	675.88	898.73	587.13	884.93	240.03	671.54	227.22	526.42	233.01	15.04	824.26	83.69	919.62	907.89	358.18	780.15	132.98	604.57	442.82	131.75	317.58	432.73	273.82	882.94	790.65	422.00	966.17	702.70	171.03	122.46	420.11	845.91	21.18	7.24	730.84	260.21	677.78	957.07	785.63	909.79	971.10	609.89	992.48	890.72	517.78	350.66	670.87	649.76	954.23	113.69	780.51	271.80	545.42	54.34	154.74	336.06	475.34	120.91	38.76	645.37	242.36	457.87	
491.28	262.55	464.11	222.12	521.76	141.89	179.19	307.39	51.68	150.29	916.27	44.16	41.02	434.05	393.82	710.88	83.81	348.05	823.57	863.33	618.85	368.99	916.66	772.59	704.05	392.00	892.50	741.82	37.37	134.87	199.69	527.66	396.41	662.80	748.78	917.17	803.69	926.97	224.56	854.37	77.27	140.83	897.53	117.28	573.88	291.35	827.17	656.69	638.40	650.74	520.02	257.25	19.73	436.68	29.84	722.79	827.69	921.35	464.60	864.06	56.21	663.29	391.72	451.63	326.09	140.50	368.80	129.78	67.47	592.36	
983.15	143.74	732.19	880.67	260.03	306.07	172.02	87.19	961.76	809.42	736.94	481.78	66.67	755.67	917.46	95.51	478.45	745.15	16.86	942.06	609.21	72.07	605.35	999.93	522.70	930.44	140.43	890.50	60.22	206.90	482.85	43.37	349.65	215.04	923.04	608.67	520.11	95.06	694.87	481.87	903.48	431.80	962.65	969.15	187.47	880.11	64.66	664.92	625.26	80.51	606.98	234.47	151.58	212.33	234.40	673.28	142.77	373.83	563.78	201.99	579.73	46.63	244.36	928.38	260.67	167.41	537.05	779.78	261.47	231.92	
261.64	164.95	662.72	224.29	134.10	849.19	104.40	197.76	514.12	728.66	277.27	121.10	962.13	427.85	332.43	196.53	101.13	474.20	569.36	663.91	675.19	149.10	709.54	918.56	77.48	969.21	85.97	613.53	748.99	346.44	844.45	10.64	510.39	507.18	233.93	643.49	356.37	337.33	840.25	869.49	65.99	117.52	989.59	28.12	544.38	322.02	223.65	644.51	795.22	792.02	308.42	470.41	940.12	17.96	388.97	17.59	986.17	473.94	630.13	735.17	819.38	474.58	744.80	329.78	980.76	977.73	972.27	337.13	315.06	812.52	
206.62	380.05	929.05	196.21	407.17	473.43	517.23	629.82	117.94	312.45	421.84	425.36	781.87	361.96	442.32	170.84	378.55	428.49	643.78	8.68	163.66	463.17	482.26	907.46	791.94	463.02	885.19	764.21	799.15	200.25	576.73	5.77	579.30	505.78	200.99	985.46	978.21	717.22	615.29	96.14	29.67	37.13	520.50	810.54	398.09	961.82	980.38	775.64	390.31	624.17	783.32	552.97	87.33	265.58	460.44	878.27	727.60	345.63	642.48	526.75	544.88	219.22	531.52	124.17	724.00	731.51	109.64	702.20	448.73	723.93	
797.35	477.40	760.05	317.85	287.94	158.14	279.67	268.33	932.78	668.98	891.49	716.09	221.96	977.83	980.67	681.39	856.10	708.27	27.02	498.58	235.01	570.90	716.80	765.53	694.07	440.80	497.04	802.71	143.00	944.77	526.64	939.34	422.17	286.69	257.19	709.11	443.83	535.86	976.44	376.61	204.84	867.93	92.70	425.80	845.76	73.38	107.19	701.86	780.64	133.21	200.44	15.66	703.11	916.24	780.19	397.18	357.03	277.23	199.89	499.03	222.00	725.52	438.38	643.17	12.21	694.57	352.28	455.04	230.43	328.72	
830.65	434.27	196.65	922.35	859.06	42.41	994.73	965.25	743.26	775.37	98.46	942.70	790.03	800.56	858.94	570.22	197.74	215.97	846.46	396.63	714.01	68.46	122.15	152.38	710.63	133.36	845.95	62.91	587.41	76.38	390.63	418.06	509.65	586.28	340.41	368.71	627.69	335.14	333.96	370.95	110.52	431.42	313.66	899.55	231.98	172.60	469.77	428.72	387.57	316.23	824.35	101.58	383.68	945.50	252.96	94.31	78.86	98.92	156.22	665.27	174.30	545.85	83.33	682.95	132.13	422.74	51.66	758.82	756.89	384.62	
129.78	866.40	815.04	442.44	765.95	47.02	614.03	235.72	474.74	1.61	550.95	299.10	102.19	933.63	244.60	354.15	27.94	322.46	452.07	183.16	986.73	625.37	728.02	70.06	308.31	859.15	491.80	358.97	617.97	248.69	742.59	746.75	115.09	557.63	189.18	880.04	603.65	802.22	115.77	78.39	802.83	665.71	376.49	904.02	599.35	620.08	258.17	626.29	941.54	709.24	808.46	928.28	334.61	536.47	997.34	641.92	395.62	489.14	999.89	13.59	736.83	742.48	759.34	850.93	300.10	947.52	730.97	902.75	749.74	845.74	
980.14	552.57	511.45	356.63	456.59	110.80	975.71	713.75	736.09	917.26	422.99	544.54	845.53	756.60	81.01	842.87	398.52	475.63	332.01	398.41	488.22	68.84	140.89	247.56	918.77	439.99	195.09	649.74	342.74	943.83	495.47	322.89	496.40	6.92	678.52	951.98	116.72	654.23	665.74	851.81	571.48	88.73	396.35	417.02	844.33	476.36	259.89	242.85	950.99	590.90	640.26	439.22	658.74	780.15	685.78	577.51	220.14	879.87	227.24	561.89	823.69	721.72	883.77	320.09	727.64	562.29	272.07	843.36	216.52	936.81	
695.17	787.00	25.54	91.52	204.02	868.87	566.88	462.90	111.73	517.87	53.80	750.99	956.09	711.54	531.14	641.87	289.05	750.29	521.74	515.29	312.17	345.43	237.01	195.95	664.52	963.65	757.23	935.60	807.01	972.75	872.41	502.17	759.75	896.95	592.69	962.77	765.82	159.57	425.67	876.55	676.44	478.47	627.54	632.53	190.01	158.69	274.40	478.06	907.97	795.14	992.35	220.15	140.57	229.35	415.10	804.09	193.00	172.33	739.69	999.01	145.08	612.09	501.18	903.83	509.04	93.87	866.60	274.87	252.44	292.27	
151.42	927.88	769.75	777.96	560.41	958.76	935.65	833.81	436.82	843.63	628.95	429.16	63.77	768.51	657.52	477.87	572.60	849.52	649.20	312.29	848.52	793.28	923.38	349.71	697.11	432.42	442.58	563.71	706.29	694.02	854.99	856.71	621.89	624.73	634.67	182.30	583.49	570.32	16.11	20.31	413.95	644.06	448.47	476.72	412.57	105.99	953.59	984.18	954.50	602.79	296.46	803.03	396.07	219.85	152.73	93.18	651.27	594.31	655.89	357.56	288.33	510.88	214.27	909.22	135.61	847.94	91.52	718.11	418.26	106.63	
737.41	831.20	749.69	185.88	307.92	162.27	290.87	261.51	146.44	245.37	863.30	441.91	48.40	259.37	660.75	200.13	351.55	312.02	793.44	7.45	668.58	81.76	517.33	881.84	989.98	651.94	729.78	81.51	370.05	148.04	187.14	107.46	978.24	935.84	292.35	286.16	98.10	582.22	546.67	243.54	826.59	409.97	684.45	873.99	668.35	345.20	74.12	19.90	656.23	866.55	26.35	324.80	947.32	542.67	206.65	937.30	194.62	935.43	18.81	563.66	83.46	204.95	670.13	61.70	140.79	961.47	346.86	237.89	543.69	892.53	
480.44	370.28	302.50	164.89	244.26	969.85	509.09	317.38	988.75	165.32	183.93	15.10	489.12	131.25	556.77	694.77	68.55	750.39	630.19	86.37	314.05	712.66	290.32	983.18	773.36	430.11	944.65	120.21	667.00	488.34	12.75	147.43	857.62	314.25	311.32	101.88	284.10	819.42	418.26	272.85	983.73	601.20	286.95	472.86	731.45	842.72	167.62	799.01	593.10	796.82	884.37	906.15	509.48	174.69	889.33	282.83	603.80	833.98	402.05	270.79	322.32	413.79	417.23	179.94	727.04	727.55	280.83	11.14	546.97	698.09	
282.99	530.70	299.29	568.94	3.55	30.74	411.65	170.18	828.75	4.76	966.00	713.12	909.91	475.47	886.81	799.25	757.30	490.60	633.23	159.35	760.40	954.55	572.14	177.63	134.50	299.18	904.18	414.33	309.32	451.14	112.42	591.32	980.84	410.71	160.25	983.40	440.45	570.91	153.57	269.20	574.67	119.57	981.32	484.58	594.04	868.13	283.83	351.35	358.73	916.06	509.70	119.13	870.61	81.84	295.75	5.11	380.02	199.93	418.43	688.34	650.07	529.85	279.66	630.91	939.56	438.91	614.31	380.02	9.82	766.88	
648.22	583.49	885.46	629.54	68.07	479.50	497.66	350.90	829.85	855.39	266.95	339.54	973.52	137.56	420.38	269.27	141.67	799.40	468.19	559.10	487.74	118.26	88.95	766.40	748.18	28.51	205.31	362.48	407.53	214.14	129.37	55.74	796.62	14.82	684.28	863.69	493.32	181.94	214.59	323.17	37.33	480.54	661.71	10.85	617.10	82.09	279.12	757.77	880.49	746.31	316.87	368.24	863.58	404.82	134.64	611.75	432.33	338.95	973.24	838.86	552.09	102.61	893.60	348.71	116.43	577.88	212.41	608.75	758.82	426.00	
930.92	795.15	905.54	592.63	805.00	522.64	673.72	84.12	280.42	554.22	829.43	596.29	921.45	693.01	1.11	56.09	304.76	432.44	394.04	278.00	271.30	945.13	379.61	164.90	293.85	495.03	741.78	505.25	103.78	500.60	930.25	34.70	295.75	835.79	626.34	100.76	358.44	300.06	183.88	637.85	853.28	13.31	234.14	774.73	705.32	234.25	829.82	10.08	665.68	223.87	287.08	935.98	169.00	665.69	100.88	461.85	160.72	841.65	966.10	263.51	342.25	896.35	297.21	637.00	732.14	922.55	736.76	90.58	222.61	919.64	
727.43	75.89	931.95	960.57	849.62	637.27	194.82	679.44	646.35	859.50	902.31	932.43	795.48	71.31	598.12	895.36	532.16	757.84	737.01	498.26	21.35	79.26	394.62	317.56	715.26	126.76	240.11	452.02	216.34	461.71	371.65	942.77	536.60	303.60	903.34	386.22	939.86	98.16	65.66	586.21	956.66	966.97	518.65	752.14	38.28	116.77	647.50	569.44	873.61	384.51	67.71	893.95	462.76	461.32	211.51	178.02	587.08	450.62	629.04	802.42	911.33	999.69	745.19	447.93	303.29	648.53	833.16	243.16	745.68	897.82	
828.37	702.34	864.79	347.02	454.48	902.08	462.78	101.97	471.52	336.39	485.48	538.23	230.34	947.24	998.55	440.86	125.27	585.63	890.47	753.31	388.04	801.81	753.00	133.23	249.74	56.29	780.76	82.90	298.45	526.45	979.72	126.82	228.79	844.51	472.83	682.26	746.59	934.62	783.24	218.11	271.01	268.72	755.34	500.35	215.96	753.88	940.21	340.23	339.51	830.68	93.54	726.56	632.49	845.54	858.79	881.23	900.84	639.55	963.13	199.28	166.00	942.84	325.10	393.78	787.36	796.94	76.05	533.95	731.55	858.28	
751.06	2.56	127.00	506.40	501.91	341.97	260.28	442.12	681.20	598.79	272.80	773.74	325.35	904.29	619.29	184.14	785.51	520.12	822.69	748.64	718.41	987.68	691.49	43.51	381.46	478.84	839.44	456.51	12.79	570.99	314.79	762.85	572.55	440.79	269.24	74.46	781.76	528.52	515.58	462.96	127.32	787.38	236.70	451.66	691.66	854.99	634.80	477.18	375.11	457.48	225.82	93.51	445.16	916.30	136.02	825.63	395.14	974.46	282.13	406.93	545.46	595.92	169.78	118.01	36.72	438.03	191.47	817.48	965.55	706.05	
280.44	92.87	493.43	516.14	543.53	185.09	371.13	178.33	661.27	745.24	634.81	886.08	837.75	79.98	802.39	972.77	904.60	197.53	947.23	186.74	603.47	492.69	781.66	772.25	609.70	817.38	210.27	800.17	634.86	175.82	506.22	914.30	267.69	998.65	430.44	810.22	183.74	800.57	987.55	844.01	545.80	622.36	730.09	383.55	701.34	532.48	356.32	605.94	729.01	303.56	791.68	332.48	795.25	573.34	104.72	404.94	390.72	313.99	205.11	25.58	488.82	710.33	938.88	755.50	708.98	369.32	565.72	891.72	169.89	553.27	
735.73	714.69	175.63	465.82	98.24	875.97	997.30	453.57	481.91	726.31	756.12	273.59	58.79	551.37	845.94	162.51	955.31	236.66	475.50	160.43	261.25	963.32	869.76	200.13	718.82	578.74	568.45	284.54	470.46	737.34	836.81	206.19	452.02	12.44	671.01	549.27	887.41	668.31	2.83	369.32	394.62	757.95	641.91	452.41	309.32	487.85	613.91	264.64	723.51	89.41	424.06	983.76	52.73	293.82	183.89	770.55	871.56	751.34	55.09	342.02	488.67	890.90	547.21	939.70	902.34	218.23	488.96	789.74	885.54	490.80	
159.06	280.16	248.75	799.98	731.56	557.07	287.83	345.47	820.71	11.35	433.89	244.77	994.11	485.61	537.59	178.00	256.16	409.15	928.34	310.25	750.18	417.01	201.15	297.39	356.71	103.49	514.62	844.67	892.23	400.16	335.47	51.30	679.31	583.22	850.28	410.87	140.29	138.11	755.35	960.00	148.45	189.23	204.77	142.56	673.85	741.36	319.56	929.01	150.52	247.89	239.26	899.70	663.90	439.41	197.09	20.61	541.90	710.71	864.28	434.13	110.87	199.75	484.43	789.18	781.97	334.71	200.06	921.26	471.81	954.40	
881.26	619.27	143.64	86.04	760.83	816.49	826.40	80.38	745.50	975.92	327.28	983.76	875.62	990.18	423.17	72.71	10.79	964.07	782.42	874.07	398.21	892.29	73.82	881.64	681.47	854.79	216.34	880.53	776.06	687.15	834.93	657.32	306.42	977.57	742.36	67.25	794.05	568.76	146.63	539.55	544.68	472.91	523.31	420.30	463.08	945.49	492.01	472.87	909.56	274.43	346.95	307.77	166.72	419.77	189.40	847.19	274.56	404.74	727.72	50.62	91.90	562.65	706.94	397.32	540.22	449.30	463.56	334.27	18.06	609.19	
872.82	561.74	82.10	396.13	981.04	544.19	341.62	473.04	17.06	251.18	746.47	363.00	557.94	912.19	781.77	746.35	759.38	56.34	151.09	487.10	105.96	241.99	49.75	811.90	638.31	588.96	261.20	101.87	922.23	278.27	710.07	795.05	839.01	791.17	191.18	820.04	335.35	531.80	293.08	351.41	781.98	39.55	713.42	339.92	950.74	495.19	86.27	710.12	550.52	236.36	197.21	655.48	477.35	245.96	467.38	115.66	833.92	727.59	216.53	756.15	5.85	925.60	551.21	843.86	716.76	741.39	663.90	52.11	273.19	955.98	
402.53	55.17	994.54	115.94	394.09	945.28	610.13	479.36	655.39	160.65	714.72	851.61	815.13	192.07	97.57	282.52	306.73	930.49	10.11	522.26	686.64	14.96	447.85	237.85	857.82	164.62	978.24	521.72	215.73	251.43	477.71	617.26	305.60	472.24	732.20	698.70	417.52	342.33	178.06	72.91	501.98	891.78	923.52	317.11	83.85	21.09	598.63	389.59	950.58	607.74	910.84	637.22	621.70	358.70	874.07	479.52	522.32	852.31	1.24	737.05	103.74	477.95	354.30	408.34	949.19	86.50	107.04	366.71	427.82	284.10	
438.63	928.80	175.88	362.15	245.92	258.73	382.24	843.55	647.32	332.82	451.29	558.16	969.04	72.99	915.86	843.11	551.51	438.18	695.42	551.75	175.22	798.16	29.70	528.53	206.51	977.89	614.03	312.54	344.61	41.85	595.64	782.23	969.65	770.52	144.39	215.57	29.25	525.63	59.12	675.57	857.45	509.41	233.73	826.49	581.39	149.59	669.61	132.90	586.77	365.03	683.64	760.99	163.19	712.34	289.52	368.70	690.23	902.54	680.24	34.84	943.39	275.88	816.07	913.05	46.40	959.46	128.62	74.65	485.09	186.74	
749.22	342.54	695.14	981.95	169.03	276.53	131.54	837.63	408.43	717.31	202.66	92.07	478.30	364.85	803.42	766.82	732.55	493.65	669.37	412.79	527.49	612.76	687.67	343.57	525.81	733.07	303.03	653.43	806.72	787.11	839.16	555.94	129.65	534.30	537.89	297.68	809.84	668.43	135.31	218.26	385.74	336.98	309.34	863.04	700.83	112.76	629.86	433.38	605.41	299.23	845.18	132.90	910.99	532.85	475.46	436.80	265.92	777.49	90.22	72.64	564.60	928.38	627.59	693.25	462.69	165.47	989.93	272.52	832.90	125.25	
489.79	218.64	461.23	798.13	81.69	162.06	909.88	710.55	594.44	515.29	9.78	439.61	647.19	919.77	971.46	122.65	356.57	237.39	899.14	445.79	309.03	463.74	374.17	935.62	157.00	835.86	101.09	146.93	108.38	932.99	271.18	597.16	151.64	731.41	395.29	232.33	892.46	305.17	941.88	486.90	819.46	950.66	925.51	466.64	870.43	896.98	588.29	226.99	134.36	487.43	671.78	442.39	950.17	45.95	378.01	107.17	880.81	478.10	253.10	988.18	411.09	523.28	585.35	561.73	254.68	979.64	793.06	147.15	284.81	734.93	
633.05	104.27	685.59	558.56	569.91	556.02	455.54	158.21	782.01	588.90	644.64	453.79	31.29	594.81	498.74	408.30	700.98	379.55	885.39	953.08	367.73	296.49	476.35	952.08	857.22	730.04	931.72	650.27	876.18	216.52	385.21	509.23	319.79	70.80	67.79	888.70	625.82	522.32	46.91	407.84	111.22	690.55	860.63	141.51	285.35	359.37	548.81	985.33	737.92	434.20	938.41	105.65	729.69	414.76	57.73	586.91	144.80	988.45	237.18	20.98	204.97	621.39	529.21	523.77	691.19	596.00	412.47	317.01	118.32	458.38	
723.85	228.55	148.93	584.47	369.06	433.28	942.85	916.87	418.61	680.77	351.07	357.02	785.42	80.76	770.78	842.16	666.66	914.58	830.60	902.84	934.56	35.58	524.23	463.77	558.35	215.42	59.77	969.82	531.43	177.10	428.20	255.28	404.64	576.13	838.75	772.70	9.41	781.60	689.57	427.02	462.37	40.63	783.04	247.79	120.39	553.82	89.94	786.06	468.40	919.55	688.90	402.96	954.13	213.13	865.73	512.47	427.55	924.51	482.29	957.98	101.60	909.49	213.26	505.24	485.61	52.01	277.94	494.02	832.61	966.51	
920.04	294.97	7.15	703.08	541.76	126.54	256.89	630.70	911.60	724.29	550.25	600.50	127.25	504.38	812.63	991.98	16.85	240.18	916.49	498.14	198.16	18.09	407.63	410.42	522.33	892.24	461.43	799.28	386.26	294.04	765.79	306.30	588.01	771.94	9.38	129.77	897.47	265.27	759.47	809.07	988.56	309.72	409.56	115.81	813.10	222.19	107.79	828.94	461.37	24.28	327.08	658.53	41.37	733.71	68.95	562.71	625.95	529.38	361.99	12.21	822.41	127.78	317.50	410.42	898.71	325.88	539.19	796.18	590.15	298.66	
605.25	578.71	607.38	14.82	693.53	420.47	236.01	800.32	249.42	696.38	823.60	575.50	354.91	863.97	309.21	422.86	426.68	934.15	951.24	787.67	945.36	773.65	914.44	262.86	184.07	813.15	587.74	722.26	609.34	177.90	20.92	214.59	755.61	627.30	228.41	449.14	47.77	463.41	249.46	296.19	159.79	73.06	870.68	513.70	936.04	179.89	935.56	362.72	114.04	886.79	150.38	59.40	660.44	64.82	321.26	843.51	876.98	908.01	565.77	486.31	85.91	585.69	699.90	840.52	212.99	927.31	289.66	259.76	390.72	538.12	
554.94	549.52	610.18	425.63	63.22	546.22	604.52	997.77	907.93	717.56	884.57	58.32	775.96	545.01	122.14	97.23	388.52	998.12	5.24	953.29	484.43	90.14	538.99	184.33	929.66	750.97	111.64	219.32	10.73	501.36	756.43	564.68	50.88	366.61	989.31	113.09	911.83	593.82	110.87	819.76	311.39	994.43	877.08	87.35	539.44	998.22	183.58	926.96	996.34	187.82	880.26	480.76	276.96	419.24	664.09	206.62	170.22	774.73	424.94	179.95	276.09	181.37	743.63	325.97	546.99	732.93	438.07	458.82	326.76	547.93	
278.58	637.14	542.36	155.66	723.49	81.81	153.88	906.07	8.77	150.22	93.89	888.03	629.98	369.85	307.27	294.07	575.47	476.49	68.81	999.41	655.44	343.90	180.78	399.07	668.87	726.77	132.00	106.94	185.59	457.76	653.87	463.17	94.90	196.24	617.83	817.39	277.04	770.72	723.47	284.81	919.93	816.36	172.84	549.91	186.20	479.11	842.99	760.67	954.59	910.80	760.08	610.03	254.70	939.87	9.10	922.57	666.64	140.10	29.51	851.23	596.86	682.38	314.40	690.76	877.61	931.24	508.15	154.66	701.95	231.62	
438.47	621.89	47.97	610.30	171.80	233.18	89.41	14.79	992.85	44.00	924.58	752.94	653.03	179.28	692.80	661.13	101.85	359.44	800.23	130.36	210.68	397.09	811.74	524.08	87.85	689.35	455.32	595.00	843.01	157.27	825.61	281.47	778.16	872.59	890.78	948.96	105.76	979.18	962.75	98.62	23.18	887.33	850.56	675.22	66.61	543.36	336.35	167.46	901.80	136.58	296.82	112.48	532.67	108.56	635.56	619.52	796.91	90.88	214.52	639.92	247.16	40.13	920.39	25.32	911.72	811.17	973.28	17.48	790.35	936.03	
115.10	812.53	823.35	964.65	487.75	888.96	508.01	823.10	56.42	409.82	958.68	352.24	521.30	491.36	459.79	156.86	110.88	256.70	246.74	324.40	895.62	492.90	363.53	816.01	517.22	275.24	627.18	490.49	291.72	417.53	426.52	405.82	230.06	249.87	370.47	716.81	138.84	877.49	539.91	194.26	287.31	498.60	545.50	807.61	988.96	5.29	963.47	99.84	260.99	210.21	423.23	156.61	702.11	785.76	971.63	219.32	61.00	598.81	708.82	351.72	16.34	135.33	756.54	245.41	384.21	127.02	961.22	522.05	4.50	501.13	
715.30	290.81	998.73	260.80	98.42	987.69	265.09	61.88	87.52	525.08	271.09	509.76	680.70	972.20	295.52	652.32	191.52	355.52	251.13	899.34	706.24	266.48	34.67	462.78	510.88	417.88	588.80	472.10	938.93	592.30	972.24	654.23	882.11	970.97	914.03	979.52	958.65	179.12	41.41	46.18	703.21	311.50	554.93	383.90	283.69	849.45	36.23	474.21	204.96	286.36	373.55	910.20	551.84	407.22	372.98	62.72	824.10	960.78	533.82	763.02	553.08	506.06	417.25	435.18	477.03	331.28	414.71	435.68	509.40	455.12	
480.86	212.61	765.61	35.79	595.51	49.30	884.24	630.74	522.52	89.21	916.10	895.06	998.41	467.94	302.28	371.39	529.66	126.38	332.16	63.48	888.40	884.24	568.54	305.65	319.42	45.57	635.93	733.13	480.24	145.34	188.25	960.10	356.95	952.86	994.89	951.46	2.16	879.13	582.19	523.68	967.34	498.29	418.74	965.74	965.23	720.03	337.13	494.89	845.40	668.30	557.37	733.81	552.54	125.91	39.46	870.96	170.48	674.39	604.09	649.72	818.73	791.34	609.82	175.68	744.20	604.72	127.13	745.37	483.85	708.33	
269.05	451.19	206.62	686.79	416.93	171.85	406.81	753.06	665.74	252.22	421.36	223.12	985.02	972.90	348.03	24.48	843.86	517.51	697.87	447.95	167.23	516.60	239.29	776.05	691.28	982.49	380.77	817.41	727.86	863.62	525.74	995.91	314.80	731.36	682.70	730.73	902.22	89.51	483.79	567.96	340.73	904.15	790.08	325.75	877.05	138.11	349.23	720.91	654.61	47.11	168.85	820.84	562.71	407.15	596.89	253.99	389.64	976.66	71.41	117.50	840.28	596.15	113.41	155.08	327.51	795.10	884.81	229.73	883.61	368.61	
796.69	224.34	272.76	586.76	549.10	149.81	723.87	897.33	869.72	378.48	943.44	38.57	199.32	506.15	444.72	795.22	759.14	833.36	771.88	829.55	949.86	612.16	425.70	63.26	766.24	752.20	857.37	651.05	980.93	740.98	19.66	777.62	964.33	291.42	364.38	513.42	440.22	88.25	410.76	309.94	465.73	354.20	347.51	664.06	859.35	791.23	459.28	618.49	624.58	231.16	448.04	574.44	842.32	872.74	636.70	608.56	624.94	494.07	259.61	605.87	235.05	278.26	383.49	199.38	568.68	746.87	711.80	8.90	834.12	122.56	
317.84	299.85	475.75	664.35	962.91	335.10	455.58	422.18	952.60	80.16	652.34	400.64	653.60	494.66	273.38	290.31	103.22	897.32	783.38	361.82	503.19	18.43	639.08	885.68	216.81	207.76	632.54	927.62	215.66	466.66	50.18	532.50	765.51	524.93	196.85	728.42	859.03	651.43	150.60	811.63	730.59	801.95	212.27	384.19	296.61	484.64	673.49	398.82	381.96	456.87	759.64	884.15	474.30	398.73	769.83	690.12	605.48	402.37	617.73	820.14	868.03	666.91	352.64	633.54	191.84	548.49	361.96	50.88	199.92	511.56	
861.51	929.51	313.50	73.77	313.70	609.11	557.42	986.19	7.93	938.38	443.06	766.57	822.53	916.37	165.30	592.36	606.48	769.78	993.73	224.22	589.92	861.76	890.13	941.56	495.30	81.97	490.06	856.26	131.84	688.98	367.82	992.35	618.48	680.32	66.12	931.18	289.43	622.54	917.37	296.36	560.92	360.43	62.94	383.46	276.80	227.24	974.82	882.28	996.02	968.55	106.50	585.94	830.31	995.63	527.51	325.61	77.59	17.56	181.87	208.44	705.54	548.69	200.79	324.02	229.01	265.91	255.21	517.45	887.45	172.58	
812.81	448.37	532.01	874.75	830.83	807.81	101.98	805.64	690.10	98.00	774.19	795.60	682.95	604.50	791.22	210.45	929.12	867.81	227.02	110.99	76.25	931.56	658.68	276.04	255.58	886.69	540.94	509.79	404.14	428.39	681.36	216.95	875.76	213.38	91.69	706.59	21.19	192.68	512.23	710.29	289.68	286.42	505.88	971.63	889.93	297.10	182.08	819.05	164.92	408.10	929.04	240.17	339.65	587.72	515.20	594.23	474.41	56.15	104.02	877.55	483.54	784.38	94.49	359.30	996.76	185.19	65.89	17.95	376.87	577.12	
727.24	665.55	862.54	233.12	637.18	752.47	529.22	818.26	571.52	693.14	226.35	500.55	932.31	565.00	88.27	447.52	159.24	561.68	502.66	262.26	439.22	985.20	46.64	532.72	344.50	43.40	716.91	409.39	60.35	93.77	985.51	786.59	758.32	848.05	19.71	395.50	600.52	547.94	213.75	172.04	241.08	439.11	671.59	173.39	4.11	758.86	619.91	162.35	320.54	122.57	423.60	758.76	107.77	469.25	291.48	451.28	511.65	8.39	859.67	571.00	101.16	845.18	357.60	858.49	693.24	376.31	253.99	293.76	923.25	466.74	
464.80	164.33	904.85	136.40	336.72	907.96	894.26	955.62	70.31	214.80	78.19	492.91	972.56	184.97	961.16	264.04	635.25	472.81	271.43	494.92	43.81	371.60	340.10	400.41	230.08	33.34	775.72	483.07	326.10	698.97	948.81	789.90	862.29	853.66	925.29	199.01	761.62	819.55	154.64	830.92	34.35	231.83	323.83	6.91	415.80	284.99	269.96	51.05	756.79	540.39	544.96	799.60	910.98	884.06	200.01	141.07	916.40	974.73	623.14	242.49	673.70	571.95	32.39	535.99	425.61	956.68	734.00	187.23	776.24	887.64	
18.15	809.59	119.47	340.98	815.50	534.27	624.97	85.46	584.32	381.77	624.84	129.28	181.37	535.83	13.34	380.38	675.89	928.73	355.11	299.03	171.23	28.81	869.98	202.62	563.80	295.59	159.30	297.80	481.81	934.54	185.44	498.96	744.13	303.91	838.95	559.63	837.18	463.92	644.09	421.50	844.69	268.93	549.77	26.06	803.76	562.11	405.44	479.65	490.85	759.55	777.68	661.07	787.36	647.66	862.69	351.16	942.24	21.99	647.96	424.06	955.53	832.39	922.02	699.65	136.30	760.96	259.28	972.48	224.88	902.37	
393.98	69.57	171.30	942.75	94.63	974.06	504.87	499.07	453.71	994.71	258.62	231.39	655.79	45.98	878.04	518.47	396.14	820.29	539.46	44.10	244.34	494.99	875.49	166.36	194.64	11.79	926.32	452.92	983.28	151.21	355.29	377.26	219.77	525.59	320.01	313.40	499.64	823.87	811.47	952.35	818.59	70.09	183.74	474.37	115.08	61.78	991.85	510.22	881.07	531.31	553.32	125.41	26.29	428.81	290.77	219.94	439.60	217.10	671.86	422.88	367.30	27.15	799.13	586.08	551.74	119.14	898.48	51.38	942.01	709.95	
3.73	760.60	779.04	186.47	234.98	893.12	247.25	226.82	403.33	128.32	757.13	955.65	252.73	782.42	384.46	542.50	2.36	823.06	758.60	673.22	245.93	125.90	699.36	45.06	710.98	251.10	163.20	609.45	301.48	105.22	319.40	304.21	864.82	98.44	489.67	99.80	990.56	735.92	325.62	393.89	863.23	82.74	349.54	115.96	864.17	732.99	657.47	865.52	556.05	416.06	538.74	800.98	540.96	238.10	845.04	251.94	488.20	8.25	860.39	788.68	112.46	179.79	92.88	976.29	277.23	581.55	76.08	267.79	317.47	400.70	
660.68	180.70	482.44	10.22	295.67	346.61	742.21	952.13	212.13	298.26	368.20	749.87	99.24	908.16	986.97	943.29	160.10	475.17	950.53	20.49	263.85	63.00	199.28	355.73	39.28	475.51	936.28	114.36	742.30	253.75	514.06	402.98	433.46	995.50	412.20	728.12	342.11	154.41	680.26	553.23	451.67	48.45	303.10	549.92	955.61	290.07	493.20	115.71	764.24	443.73	135.20	28.09	505.73	333.48	382.82	544.01	807.99	319.10	657.37	550.30	571.85	171.43	952.28	5.31	166.93	364.48	732.43	508.04	517.90	412.69	
61.27	968.57	460.15	363.37	518.48	415.76	652.45	11.68	530.47	416.69	454.42	664.66	443.78	959.15	997.14	825.60	503.16	805.14	144.70	160.53	355.44	715.56	330.96	307.72	719.87	496.89	671.20	452.30	4.93	189.10	863.99	65.20	157.66	324.14	427.58	675.15	738.90	80.02	685.83	269.36	495.71	140.25	933.02	938.49	99.40	930.17	764.09	601.55	735.30	907.79	761.09	90.74	623.35	92.05	397.46	343.22	587.94	68.66	794.52	591.87	256.75	658.51	656.07	413.42	981.65	83.65	88.57	720.55	162.67	773.40	
988.91	657.38	912.65	921.93	595.87	12.05	852.10	359.97	612.60	587.40	267.76	373.69	677.14	890.11	464.74	74.60	233.33	52.68	142.26	27.85	643.55	398.01	685.36	299.63	810.43	667.01	382.28	897.99	387.56	543.95	671.39	376.47	201.33	584.04	298.40	796.21	595.09	150.50	156.17	207.69	736.91	422.93	580.38	414.05	313.04	45.12	487.65	545.37	96.80	628.91	572.22	739.35	26.92	257.58	38.98	836.34	923.59	420.26	734.34	311.15	963.21	405.73	686.62	164.54	988.77	984.02	959.74	583.86	134.52	115.92	
790.55	870.43	537.85	370.93	284.48	849.89	415.05	771.13	395.27	510.85	400.04	966.49	250.21	425.96	224.07	288.19	262.31	147.66	707.45	995.64	457.82	670.65	401.37	144.44	834.19	390.14	128.46	793.93	972.99	261.99	908.85	763.55	132.42	446.70	134.48	415.90	296.60	548.53	187.03	690.86	59.39	586.08	657.35	308.60	12.04	880.42	595.78	273.35	28.08	303.23	268.99	484.89	972.88	669.36	628.33	807.07	59.50	755.79	601.01	32.50	17.78	509.86	795.04	149.19	955.56	928.52	564.09	252.15	477.06	750.13	
942.02	535.44	336.21	599.36	843.04	347.25	479.78	438.82	619.60	506.86	741.05	887.60	990.75	713.93	556.96	619.08	521.00	615.46	374.88	122.01	646.96	391.65	630.86	442.00	539.85	586.42	370.52	103.94	837.58	846.57	853.07	779.59	382.02	189.28	378.96	225.06	535.53	857.74	662.88	155.13	364.60	403.93	42.72	355.35	117.86	598.68	973.43	637.86	214.14	348.31	758.87	860.10	738.96	389.74	302.09	278.81	975.16	671.61	381.75	812.74	518.18	234.82	592.33	899.20	423.10	970.29	124.25	957.63	828.02	786.13	
112.76	192.62	190.06	154.48	546.97	306.92	752.17	520.40	943.79	965.31	867.71	702.66	825.41	606.67	92.40	127.50	884.48	67.56	798.11	266.23	879.30	316.29	500.06	471.63	215.49	922.16	441.92	338.74	879.79	269.94	124.87	991.55	461.56	313.93	146.03	8.53	619.85	897.20	527.93	563.64	862.50	395.63	266.30	687.91	2.30	357.70	814.41	885.78	424.26	612.52	152.01	303.56	927.81	651.07	774.19	143.29	573.23	216.11	481.03	453.02	485.05	604.90	444.57	945.61	917.83	589.60	953.14	537.69	486.79	481.07	
101.33	349.30	875.70	366.64	37.21	877.00	723.34	850.62	762.78	147.60	463.13	913.79	450.17	390.94	564.86	224.36	533.23	138.08	439.47	14.26	590.10	923.52	618.16	34.67	869.14	536.00	623.26	822.28	73.68	110.06	303.34	174.02	458.36	179.04	539.65	494.57	56.05	262.99	345.18	817.83	409.60	807.32	731.62	858.76	198.25	296.48	83.12	730.49	433.56	521.59	743.75	23.66	445.11	361.91	57.33	314.25	896.91	679.59	136.53	969.60	788.65	438.87	143.61	247.01	616.91	682.26	740.57	671.96	944.25	85.75	
489.79	353.85	892.07	221.40	212.61	90.32	516.88	294.74	819.81	949.44	815.33	563.56	972.10	260.44	924.47	29.43	573.69	821.38	708.02	709.22	790.98	496.67	148.09	933.59	742.67	764.00	615.85	483.25	435.96	560.11	568.00	924.75	912.96	460.07	146.15	125.57	549.40	662.03	419.31	369.21	611.47	234.64	931.76	583.57	494.08	856.24	612.00	67.77	677.62	320.01	775.99	468.60	815.68	923.08	402.19	558.35	687.08	18.04	41.60	123.05	577.15	608.60	47.80	490.11	68.67	192.95	614.68	617.07	853.98	33.99	
985.27	465.45	267.63	917.04	49.02	760.71	773.27	660.02	827.48	450.89	979.03	603.47	918.49	794.71	526.55	320.68	353.07	213.63	337.72	393.67	335.68	913.88	2.27	382.48	403.99	69.94	574.43	18.67	686.01	428.41	51.66	671.28	892.86	318.29	588.32	940.89	79.00	361.59	600.90	905.48	811.49	579.93	508.95	729.98	374.65	35.50	50.66	726.71	248.14	387.39	120.38	582.82	301.26	121.64	964.30	704.25	190.58	538.73	721.92	875.59	966.14	772.59	546.87	859.00	90.88	135.19	799.89	168.88	495.78	400.79	
74.36	307.27	979.73	582.32	37.25	354.37	616.82	86.91	81.08	863.96	473.30	200.46	446.78	773.56	321.10	411.08	477.81	510.69	948.80	199.73	386.28	914.94	971.32	932.15	773.95	62.20	67.35	573.84	230.08	562.13	973.63	303.44	868.40	953.36	884.75	904.65	307.73	501.57	990.57	387.81	365.53	463.87	587.27	811.31	237.43	907.37	222.39	714.24	418.06	171.19	912.97	803.34	86.14	884.29	735.50	859.08	945.49	801.85	432.92	175.57	363.98	406.55	478.01	232.38	359.90	362.76	137.03	666.63	863.33	127.60	
54.44	228.87	590.46	640.71	40.18	826.89	548.08	261.57	541.13	965.14	431.76	454.10	768.49	516.90	338.40	503.99	375.98	283.89	305.83	807.90	458.45	668.81	214.44	935.46	900.19	573.35	298.22	37.22	239.98	161.55	163.82	293.42	389.42	753.28	933.12	428.60	580.17	481.21	689.16	121.31	446.35	120.92	574.41	214.84	636.82	911.81	717.83	12.80	195.69	23.66	819.70	653.15	691.47	34.14	588.61	591.65	606.49	885.83	627.87	845.46	47.38	790.69	138.88	435.80	543.98	72.00	863.39	124.15	552.21	552.55	
