70
70
35
155     62
438     43
255    102
 92     36
471     94
297    118
478    143
350    140
233     93
 90     27
 21      4
297     29
484     96
276    110
379     75
425    212
463    231
 20      4
236    118
295     29
365    146
489    244
211     21
133     39
330    132
117     35
459     45
167     50
300    150
276     27
 18      5
307    153
168     84
400     40
130     13
312     62
489     97
 49     14
350    175
239     71
202    101
126     63
355    106
313    156
321    160
429     85
385    154
 21      6
264     52
 52      5
211     42
196     78
365     36
495    198
118     35
490     98
184     18
182     91
494     98
288     86
 74      7
249     24
 57      5
107     42
170     68
406    121
320    160
176     17
 48      4
495     99
371     34      683
631     49      495
462     41      458
640     36      594
340     69      213
129     20      281
372     74      497
162     36      261
774     67      554
891     22      620
663     21      237
297     13      359
952     83      218
711     39      310
992     25      607
824     64      507
213     68      483
590     73      214
487     65      646
306     28      379
896     68      266
377     33      494
169     63      371
789     90      493
392     62      579
594     85      512
146     31      675
252     69      531
284     80      463
574     37      486
875     25      488
230     98      445
148     56      527
860     44      245
849     33      586
855     97      540
390     16      574
307     86      382
867     58      347
896     52      674
367     94      548
807    100      632
280     41      580
410     29      567
218     28      241
936     32      232
578     63      620
674     43      271
785     54      246
151     82      566
588     56      697
970     84      559
434     77      359
634     48      614
865     62      351
756     97      237
918     43      672
545     70      572
522     27      314
858     47      434
432     61      358
930     97      603
858     53      426
228     85      431
729     33      648
264     36      311
185     60      271
490     96      267
706     96      239
719     23      665
325.42	925.99	421.56	614.08	69.44	44.38	240.56	467.82	501.56	443.34	50.28	808.04	930.01	807.83	633.81	729.05	92.90	923.23	230.13	786.68	274.17	230.14	587.03	15.90	641.61	683.64	806.79	266.96	868.06	700.48	270.13	193.47	626.47	690.70	806.55	694.91	734.07	47.11	162.73	235.63	489.44	212.01	43.67	419.45	19.84	676.48	148.50	111.74	599.71	377.64	897.42	872.88	606.77	484.45	887.78	248.38	168.09	694.57	514.33	36.15	395.05	783.47	228.62	21.53	474.16	35.17	715.44	208.23	81.27	877.17	
442.87	569.72	89.17	485.54	988.17	108.01	162.02	136.67	218.75	760.72	513.31	116.18	633.60	120.08	599.63	521.38	367.45	766.72	215.95	880.79	801.87	610.01	664.25	30.49	630.53	138.41	64.65	345.97	345.65	144.93	223.14	787.51	713.65	311.31	273.05	701.82	418.32	434.07	837.49	636.07	194.79	350.79	751.25	827.39	469.87	350.87	348.77	836.32	117.59	563.72	717.10	918.46	173.73	381.36	947.95	803.26	518.77	12.60	149.23	863.42	156.53	371.36	650.93	869.18	681.67	922.98	571.00	99.99	357.05	408.48	
735.06	550.83	758.27	486.31	378.22	228.14	836.18	725.99	64.46	952.77	289.71	780.56	871.23	462.44	161.92	819.18	265.69	679.69	830.78	413.92	543.11	986.31	784.29	194.04	855.49	465.96	117.02	426.49	564.95	473.07	833.97	300.02	23.90	592.24	785.32	401.12	819.38	621.50	127.11	882.84	574.27	415.82	663.41	445.50	877.26	824.33	264.68	142.96	504.02	95.46	555.88	47.12	81.77	340.17	240.16	936.27	805.13	356.18	362.75	370.09	828.25	196.72	669.10	851.15	787.97	454.43	252.27	607.35	75.93	378.39	
490.19	649.21	793.21	153.60	94.71	670.47	976.93	358.39	812.43	480.94	452.86	368.31	527.07	533.63	707.48	766.23	469.90	512.61	122.41	831.65	881.70	949.66	28.38	550.80	800.81	815.35	5.23	53.08	422.70	80.16	430.47	911.89	728.37	223.68	65.49	822.08	893.15	42.42	180.47	705.58	522.37	632.33	73.89	49.44	165.97	780.37	814.66	634.86	292.98	936.07	466.52	174.67	885.73	493.90	724.47	686.54	309.24	728.70	738.61	730.94	807.86	169.08	642.83	536.23	391.76	707.32	358.31	284.91	748.75	537.79	
989.49	271.11	170.12	63.38	319.55	335.08	842.75	134.21	968.95	135.72	70.29	435.47	309.40	955.02	928.36	33.87	641.56	237.60	761.58	380.17	967.54	569.44	548.25	610.37	105.67	939.01	317.70	462.98	223.92	66.44	999.77	213.40	336.56	169.88	275.78	655.11	503.97	118.53	788.32	472.91	253.25	857.61	907.38	561.65	812.63	835.74	594.52	454.18	73.35	356.10	833.35	40.89	924.54	381.60	650.26	30.21	320.61	966.96	492.19	543.53	33.40	491.96	755.93	368.96	660.84	31.71	24.06	164.81	149.24	811.38	
636.72	401.49	668.99	544.10	962.13	481.62	379.84	556.66	934.80	452.19	911.75	768.15	492.08	836.29	149.76	142.34	865.50	469.37	109.30	357.69	12.90	141.70	848.65	767.83	509.66	509.49	798.54	532.72	673.29	946.78	344.10	310.02	348.27	13.10	853.12	310.40	493.71	232.96	866.06	428.52	684.15	777.81	196.67	176.22	614.10	345.43	317.56	479.60	813.80	425.86	836.29	825.70	566.55	684.94	593.53	76.21	194.42	392.07	607.93	866.72	338.85	951.03	176.73	686.11	963.13	29.85	995.52	456.84	261.81	861.57	
884.36	944.96	639.38	81.03	121.18	253.48	425.46	437.74	732.09	239.25	862.60	568.38	64.95	429.15	253.31	657.48	504.36	446.74	49.55	112.29	313.45	387.39	63.32	489.19	73.51	26.45	518.04	69.02	482.29	778.84	929.60	366.65	723.80	568.98	446.68	843.98	821.46	871.14	281.72	553.55	110.39	144.32	121.92	174.34	572.47	374.24	830.82	76.83	819.97	879.37	188.12	133.43	266.76	250.44	621.61	339.27	275.89	139.65	407.30	757.18	917.49	336.89	123.84	641.29	904.87	569.52	485.28	726.34	440.65	766.00	
279.88	550.05	909.32	400.81	723.39	481.79	774.05	554.21	557.61	594.02	433.58	744.73	726.44	699.35	994.17	348.06	38.62	270.06	486.70	444.92	27.24	404.19	780.81	150.08	45.49	685.68	718.59	529.76	412.02	159.25	295.76	690.91	708.30	205.08	91.71	431.69	685.86	864.76	984.90	243.48	458.78	418.48	987.21	185.22	117.83	981.38	532.28	155.45	251.44	18.98	599.36	277.68	422.18	380.17	426.75	466.66	65.86	145.35	995.43	476.88	303.60	291.19	167.78	11.89	495.26	258.50	442.58	181.13	123.26	427.48	
423.61	581.04	844.96	410.82	765.26	961.79	392.20	297.54	117.23	642.63	315.53	715.60	919.31	736.70	95.77	346.07	203.37	160.63	490.41	198.79	636.51	793.01	488.98	803.29	803.90	983.24	61.79	246.48	164.37	184.05	672.96	586.98	764.09	517.92	996.80	529.35	479.71	389.00	825.90	595.94	31.63	141.43	311.54	949.94	877.13	406.32	296.01	80.49	565.95	785.42	278.29	202.46	578.43	766.26	5.75	382.34	749.50	66.54	627.82	912.87	249.59	300.78	499.85	13.68	817.70	496.65	542.04	297.41	884.65	367.94	
892.36	915.28	508.36	203.90	865.22	385.49	609.21	161.23	464.98	175.16	945.65	742.27	376.62	524.08	508.53	381.37	905.41	258.04	446.91	533.23	170.91	695.50	833.01	669.76	708.18	650.71	166.42	250.22	947.12	51.06	617.16	839.48	965.34	125.52	43.38	830.56	510.01	651.59	990.78	973.99	825.75	936.43	716.26	202.37	460.50	224.79	582.74	365.92	481.83	29.65	898.15	651.74	724.15	731.16	321.51	432.33	381.87	486.92	681.55	328.99	536.98	298.71	168.47	502.32	423.23	210.85	332.88	932.23	861.44	323.66	
906.23	687.19	260.08	622.49	888.56	719.59	846.28	471.30	85.51	328.12	499.94	982.65	978.86	224.09	713.81	300.37	655.42	95.68	786.29	336.97	423.68	323.27	634.68	591.15	824.60	57.90	801.00	157.47	989.14	662.44	480.13	895.37	349.64	739.22	517.86	238.20	458.80	364.14	708.50	543.31	691.26	208.44	525.96	670.12	431.53	239.78	969.48	86.95	334.46	755.77	422.93	757.14	79.04	57.60	348.29	902.64	114.51	149.30	60.11	103.65	810.74	539.24	998.01	160.38	278.46	515.87	397.58	736.26	879.01	106.08	
279.57	570.26	313.52	804.54	240.38	744.05	44.31	209.86	830.00	377.77	964.63	252.93	134.91	43.67	309.53	482.21	945.31	423.04	630.50	5.42	525.69	441.24	543.67	523.70	600.62	821.12	39.56	997.20	557.39	917.57	103.27	835.96	487.84	415.79	640.50	727.22	159.84	683.81	936.08	988.85	61.58	900.71	241.78	195.50	943.38	550.31	676.70	888.69	972.35	307.20	893.12	498.04	747.45	436.78	21.74	348.07	257.91	60.30	345.27	814.29	976.87	447.54	650.25	464.71	862.33	290.75	191.92	22.17	973.56	128.00	
11.02	35.14	28.71	251.80	229.64	971.09	801.11	905.34	859.78	773.47	212.54	752.90	271.51	958.99	189.68	292.24	307.06	446.58	351.54	651.32	260.88	328.42	98.86	910.13	792.13	960.20	200.88	983.05	981.37	174.44	111.05	991.39	208.58	138.76	243.19	437.21	109.84	44.30	342.55	968.62	816.77	554.09	721.52	88.28	513.08	910.20	379.52	819.14	356.78	730.06	470.46	616.66	58.48	568.32	526.79	849.61	528.52	726.67	832.66	509.89	900.11	942.71	501.28	108.69	81.47	743.47	544.90	190.31	786.78	886.45	
158.93	603.55	440.54	879.45	690.82	952.62	789.65	70.34	771.76	146.43	799.40	242.22	762.09	856.88	809.54	288.89	706.49	338.05	15.56	539.15	846.94	914.67	481.86	348.22	23.35	562.32	91.70	567.25	751.63	877.48	453.70	909.57	481.03	893.24	789.02	171.85	845.87	578.67	241.19	617.62	724.10	40.60	858.84	486.20	896.48	668.38	774.08	602.97	6.43	788.64	142.12	852.37	703.31	622.98	200.59	725.66	185.30	291.29	292.91	935.94	168.77	745.61	845.50	648.80	638.86	634.52	819.64	484.72	213.19	60.84	
102.35	936.29	100.43	960.19	422.49	995.91	628.56	196.58	598.89	633.99	984.22	740.01	486.37	687.52	362.99	685.96	413.18	547.29	976.25	705.09	483.23	145.02	450.70	328.73	792.82	89.56	962.25	612.46	573.28	175.44	672.30	674.63	111.73	771.73	634.82	533.23	767.64	263.38	728.80	366.53	896.38	713.02	106.54	382.74	400.54	468.52	68.70	812.72	15.82	44.95	517.81	498.04	188.98	967.52	825.77	980.79	57.07	788.02	593.25	629.36	962.46	265.55	303.99	74.19	37.28	937.81	606.42	803.92	201.19	335.22	
170.45	97.56	48.24	275.99	479.30	447.79	743.51	547.00	260.51	758.33	590.96	777.32	256.37	778.93	744.84	82.14	759.73	800.91	869.16	352.98	430.27	831.61	617.53	733.26	904.81	653.82	671.06	511.23	457.74	871.25	845.45	627.19	967.81	892.69	902.18	447.12	340.48	645.69	993.12	599.99	404.02	584.08	377.31	659.39	363.01	122.15	740.52	122.74	922.06	609.68	474.72	352.33	441.30	92.26	85.59	346.10	745.07	755.65	856.33	202.81	626.90	701.78	829.00	594.71	594.47	731.18	41.83	933.95	376.87	34.95	
533.94	779.89	618.03	910.25	439.28	980.04	32.40	179.80	102.78	953.46	788.48	576.50	305.79	229.78	667.76	390.37	574.88	412.83	146.02	431.21	614.64	771.92	132.99	443.64	366.63	726.47	174.83	407.46	660.42	550.70	441.41	194.36	330.59	59.44	104.61	768.86	39.48	136.01	947.67	141.26	89.46	736.15	716.76	394.25	964.93	384.52	783.62	539.81	796.35	928.64	970.02	410.99	700.56	103.02	853.63	67.19	828.48	28.46	473.65	488.91	578.16	914.06	682.27	907.75	972.50	785.88	676.61	11.98	920.88	624.28	
152.25	10.34	360.43	868.01	403.59	325.35	252.53	187.21	864.16	48.88	115.85	834.18	458.87	815.41	936.20	312.51	881.60	764.68	339.97	355.25	253.59	917.13	269.32	934.86	824.87	241.82	720.73	501.49	252.81	641.62	125.76	404.05	650.96	485.19	272.06	54.55	809.54	523.59	240.76	673.70	571.48	355.61	507.89	30.35	171.02	444.08	341.86	52.62	208.76	680.83	406.87	461.35	597.95	675.19	396.21	422.83	916.01	116.94	923.31	168.82	757.56	49.08	571.87	408.52	533.27	842.93	462.07	342.81	366.52	701.83	
16.52	937.00	57.44	523.40	966.35	227.46	966.48	308.21	279.08	175.25	988.03	684.95	635.60	585.99	360.13	31.81	8.81	276.14	147.75	931.13	443.96	904.31	979.21	15.83	312.83	512.48	857.76	773.90	854.29	224.29	475.73	869.80	161.29	532.18	393.21	127.63	758.64	359.69	434.84	37.71	533.94	422.87	721.66	169.54	8.86	81.80	200.35	16.67	356.94	347.10	946.80	799.90	251.41	926.01	814.73	563.24	438.49	672.49	337.14	292.78	895.78	811.87	162.58	57.07	344.05	554.79	183.70	102.69	913.48	617.54	
139.40	447.42	40.41	860.06	615.96	48.27	940.86	815.31	63.95	297.80	162.41	10.75	97.70	412.82	935.76	911.43	975.05	374.25	583.93	312.19	666.03	479.71	124.06	827.61	535.77	467.11	382.40	718.47	568.80	295.88	336.01	707.20	742.30	375.43	567.26	358.26	422.70	508.12	173.57	485.65	804.92	334.97	495.40	901.62	746.79	431.16	813.06	721.84	804.42	396.99	34.03	470.44	875.69	157.09	298.06	411.47	623.20	679.46	129.94	192.00	974.34	464.96	898.20	716.63	839.38	465.46	74.89	262.08	972.58	247.46	
746.73	777.50	581.43	242.13	679.13	328.22	672.29	492.18	50.07	476.71	888.17	83.10	946.15	763.86	239.19	244.21	175.33	861.40	922.67	304.28	53.40	897.00	768.23	950.59	613.64	607.61	416.06	687.53	868.70	388.64	933.98	615.43	166.14	515.42	856.56	844.27	842.64	528.85	336.45	891.70	5.56	224.62	973.80	950.72	987.48	213.00	194.93	162.82	74.39	117.60	466.09	126.79	14.60	234.32	77.38	627.24	840.94	492.44	314.76	709.64	880.07	248.75	325.07	46.21	763.16	181.63	889.48	605.80	709.48	225.93	
497.51	714.04	449.55	471.31	664.76	437.03	683.31	858.69	598.85	756.70	975.28	64.94	882.49	988.88	298.27	958.87	616.12	139.21	451.30	929.89	847.85	331.38	178.64	172.91	376.59	940.80	353.54	266.07	546.60	63.02	491.00	44.11	776.06	939.55	514.42	440.82	376.58	197.73	299.51	974.44	953.43	274.80	39.38	835.91	263.68	336.65	794.78	878.80	474.85	246.08	808.69	322.70	576.46	986.33	494.61	952.05	927.13	847.15	218.12	473.73	909.17	708.12	516.84	685.23	647.67	31.26	126.06	24.26	227.99	424.57	
997.69	181.42	698.37	37.07	17.33	961.05	372.72	811.11	839.86	846.57	57.19	648.55	169.27	632.65	634.88	662.88	584.70	562.00	510.03	801.82	35.73	419.20	509.94	551.58	104.44	157.62	581.84	229.49	180.88	808.83	653.06	178.57	989.25	351.44	214.64	6.58	312.49	586.36	816.70	152.35	432.94	872.89	799.90	601.21	505.54	434.77	264.09	90.24	995.78	773.13	891.06	31.51	192.33	401.00	582.09	295.77	557.62	163.93	524.26	737.49	971.76	177.32	915.06	961.01	527.76	129.70	966.59	839.25	715.07	783.29	
990.59	148.00	656.18	790.49	748.21	161.72	225.26	12.30	250.95	221.04	784.43	142.01	251.55	975.76	542.01	832.64	271.53	99.63	995.56	794.78	836.12	967.32	971.11	751.18	928.33	498.87	879.88	894.92	338.11	594.95	678.21	328.71	741.95	334.39	119.20	490.16	495.10	343.46	501.46	745.06	563.50	285.89	886.07	814.05	261.65	428.08	646.68	532.18	526.71	642.25	326.96	362.83	609.56	298.07	114.00	537.89	795.94	992.89	432.81	134.05	587.83	111.02	461.76	329.78	444.41	579.96	818.94	938.51	922.42	320.40	
683.57	485.92	605.29	569.64	299.96	865.95	996.73	945.65	398.12	523.44	587.89	724.09	885.26	197.46	22.16	998.27	734.35	817.09	991.15	167.16	950.14	578.99	277.19	411.90	907.77	720.60	990.86	726.71	659.11	913.28	47.11	342.68	399.20	651.40	911.33	698.16	517.35	908.05	643.81	914.47	431.49	231.70	638.56	316.75	428.16	659.72	315.02	162.52	476.81	306.17	328.68	426.95	884.16	604.87	837.85	791.92	325.46	828.72	518.63	983.57	742.00	564.74	326.25	141.19	216.14	237.58	838.35	732.49	145.63	482.16	
646.96	576.12	712.87	285.52	891.87	141.03	944.24	206.89	302.55	421.05	512.06	630.23	847.00	396.21	235.09	684.85	188.13	559.56	513.57	705.76	543.13	255.56	270.50	868.38	395.75	485.64	105.96	234.11	218.13	250.59	715.27	864.09	825.72	428.14	149.62	717.59	568.17	93.86	923.47	869.71	513.90	435.53	499.94	360.90	830.74	734.04	45.75	18.88	293.59	558.32	723.64	835.72	812.88	993.14	704.10	208.63	478.78	809.07	441.74	695.91	59.66	157.01	560.00	884.38	584.14	708.62	601.96	152.31	801.48	525.44	
22.03	315.38	959.97	520.97	675.28	790.71	255.00	720.03	808.58	547.60	278.35	532.22	383.32	91.23	525.36	87.42	298.87	4.14	895.49	739.61	699.05	954.15	895.61	259.05	838.53	479.76	966.67	440.49	631.07	768.15	964.92	652.09	83.53	924.89	173.06	757.81	715.60	427.07	477.84	524.18	973.66	755.19	56.40	356.98	845.42	580.77	443.41	144.29	583.91	338.90	882.89	282.96	293.05	778.51	541.01	131.58	258.26	507.68	571.06	888.33	275.83	535.99	540.42	358.36	460.88	712.49	116.17	176.47	139.55	593.01	
699.65	113.22	348.20	755.06	469.20	193.62	335.83	911.61	336.91	918.73	250.51	219.80	201.69	542.56	997.30	741.70	673.13	255.57	249.38	244.20	143.90	524.20	779.18	683.32	881.56	240.06	395.81	996.73	415.53	534.36	589.74	115.19	646.58	936.94	869.24	115.78	130.56	205.07	27.39	466.46	123.80	276.90	685.26	324.49	818.46	682.57	66.19	491.59	937.13	314.56	734.79	81.03	837.77	513.97	763.36	719.33	753.03	159.17	716.06	168.56	692.53	305.80	282.74	339.11	242.73	151.99	453.89	372.29	356.06	480.28	
837.75	478.86	756.18	523.01	802.35	574.64	205.57	867.54	66.23	142.71	182.10	800.01	222.74	19.86	313.98	985.10	738.19	67.01	144.26	454.25	234.57	835.79	759.05	516.31	174.90	1.78	667.30	627.79	373.07	23.36	108.07	210.82	501.22	863.25	732.83	303.56	437.89	937.40	171.10	503.11	80.11	352.20	303.13	301.85	371.06	616.11	286.95	109.26	682.11	430.21	562.51	915.68	266.01	321.56	431.99	439.91	322.34	99.29	67.70	694.41	121.64	174.77	904.23	621.86	38.02	637.06	924.42	474.91	574.46	95.52	
977.02	653.58	446.72	280.15	954.43	816.78	895.25	241.38	925.04	577.36	670.59	487.55	493.04	935.59	808.11	924.03	375.50	130.46	23.32	442.20	823.87	143.96	615.97	728.10	764.82	652.98	365.16	689.24	127.89	938.63	783.77	104.91	592.21	230.49	384.06	546.63	47.27	279.31	787.01	971.31	855.68	457.60	458.86	348.72	393.19	266.97	272.75	767.69	396.42	295.07	209.89	220.29	438.03	824.85	947.40	202.86	477.84	312.56	891.10	604.73	251.19	674.87	708.64	842.40	904.35	92.70	389.03	950.62	371.02	176.04	
921.93	226.69	632.64	380.79	574.41	25.83	646.76	846.16	792.52	43.18	141.24	2.41	262.47	578.27	826.27	209.87	780.13	304.11	521.43	671.23	907.84	771.62	346.10	616.48	614.02	250.45	708.19	3.05	201.07	79.20	178.09	123.01	304.90	809.73	502.79	878.31	834.56	149.55	724.47	627.08	191.73	864.71	628.49	453.21	442.98	454.75	662.08	223.11	757.86	183.51	893.34	665.70	954.13	239.43	282.18	568.15	488.88	989.36	570.20	688.96	68.57	747.28	810.96	372.46	557.01	313.76	250.77	391.56	462.31	974.25	
18.64	653.04	838.96	646.13	106.25	281.94	100.88	767.32	504.05	857.74	949.83	397.38	523.44	903.96	635.81	804.62	472.11	124.70	793.98	42.30	812.65	861.55	788.58	623.61	234.01	345.59	936.37	483.78	736.16	398.68	458.03	753.80	51.72	296.98	399.92	156.97	577.92	499.81	923.29	81.97	357.55	873.12	478.35	879.99	777.08	114.16	684.60	249.18	237.86	478.58	290.48	50.51	340.13	79.07	673.12	573.14	423.66	609.49	56.92	159.81	8.17	513.95	912.61	58.88	809.93	312.54	214.85	387.85	811.34	138.14	
468.81	168.89	11.26	946.16	48.88	787.33	60.32	732.49	36.52	297.18	211.07	326.00	346.69	550.20	404.07	19.81	123.34	826.73	628.30	179.26	985.54	635.46	692.20	898.16	693.35	502.13	210.69	907.20	888.98	22.03	45.34	357.79	189.93	55.59	303.96	237.81	841.93	363.28	969.30	877.45	659.46	180.37	203.45	6.15	729.57	606.52	24.96	851.91	433.25	652.26	31.16	418.79	287.72	722.37	316.95	980.07	224.50	526.64	887.27	113.48	547.67	931.60	470.27	736.60	986.20	773.23	973.41	828.12	136.51	942.71	
705.57	794.97	123.08	908.02	800.12	851.64	514.53	824.08	703.55	946.78	476.34	733.72	365.57	763.07	456.08	681.52	743.14	679.58	208.16	630.41	792.06	754.83	562.01	262.33	491.43	548.21	35.56	464.84	376.33	171.07	407.55	81.90	965.04	529.63	988.91	765.17	381.27	503.45	589.25	84.82	450.23	65.59	817.54	814.80	827.66	273.62	496.32	570.79	952.20	703.48	201.20	744.27	458.31	762.21	6.60	948.74	310.41	41.17	413.58	685.74	211.24	820.13	766.64	176.28	349.76	755.55	940.45	730.03	259.00	529.70	
813.85	708.23	594.29	631.39	523.03	421.94	904.01	19.36	991.73	856.22	721.84	192.93	600.49	180.15	954.14	606.09	128.89	264.55	646.25	541.47	949.29	856.49	361.61	715.93	32.77	710.37	471.48	972.22	440.40	729.48	501.92	254.25	437.71	96.20	884.64	959.74	517.14	788.66	978.10	508.88	644.87	699.94	700.81	245.36	879.09	654.95	850.45	7.98	918.50	496.70	548.45	867.80	353.19	909.06	583.73	384.96	619.42	55.21	357.18	59.82	783.69	858.10	313.07	221.40	953.30	197.71	181.15	470.45	985.37	159.25	
978.32	630.24	858.19	679.14	874.60	737.27	334.09	725.05	744.25	252.59	221.75	292.70	120.39	573.94	201.76	703.12	957.90	820.18	757.33	315.08	879.00	541.03	173.18	192.07	761.43	126.48	388.78	941.58	595.93	374.15	100.83	574.26	4.40	958.01	253.39	878.00	695.29	586.48	603.05	439.54	838.08	823.79	731.24	957.47	397.73	931.99	660.59	355.63	752.17	417.92	669.71	631.17	957.95	841.90	822.24	719.38	967.38	211.02	660.95	563.31	584.17	760.78	137.57	587.57	718.79	389.96	465.57	414.08	975.44	68.62	
852.62	813.52	891.41	583.85	770.99	289.15	515.85	431.57	643.78	268.02	848.50	313.49	898.18	806.44	155.39	720.42	525.82	122.77	930.44	186.77	685.09	514.62	946.55	821.66	102.19	665.34	211.62	566.76	79.42	187.06	634.38	931.04	999.58	525.79	514.89	770.56	813.94	30.74	202.14	457.72	297.75	50.63	770.21	195.93	856.08	924.60	915.36	381.90	47.37	845.80	567.67	731.46	360.41	514.22	553.11	461.60	179.57	763.73	28.36	257.99	949.79	661.73	189.03	949.37	187.53	702.92	719.93	1.47	732.65	921.06	
458.18	30.40	970.70	228.39	225.34	826.77	152.99	140.69	208.67	199.36	985.49	775.34	929.82	345.90	289.57	482.94	806.50	468.14	246.67	833.86	725.13	196.46	495.59	913.16	145.82	682.12	616.07	864.75	682.58	348.73	785.81	140.77	378.13	756.51	368.16	602.47	583.29	520.15	742.16	790.96	718.51	727.65	566.30	648.33	73.56	854.87	131.27	879.06	323.01	376.94	712.92	48.14	572.40	208.51	960.29	717.22	889.63	576.37	581.98	572.21	924.09	367.79	711.98	302.22	124.30	80.13	903.69	706.59	599.28	645.86	
497.54	317.79	373.51	63.85	965.12	446.07	917.72	96.40	325.13	240.72	472.34	38.04	287.86	44.74	245.55	248.15	760.96	135.18	823.52	342.94	706.39	747.61	709.73	418.36	49.83	833.03	497.50	952.52	539.62	96.77	598.38	37.16	413.56	970.89	100.01	378.69	416.96	17.72	474.08	741.09	257.44	945.42	778.13	544.30	989.16	23.68	791.45	750.12	157.85	614.97	93.06	863.24	362.58	801.79	281.60	411.41	634.82	778.10	363.93	174.44	873.87	961.31	210.60	287.44	932.21	309.60	665.13	349.17	326.32	139.21	
90.26	582.77	84.63	867.38	127.07	73.79	890.06	917.53	822.92	47.92	532.50	914.98	910.16	894.07	716.77	191.76	305.48	351.58	968.86	668.42	525.02	842.74	629.73	734.62	130.17	561.94	44.22	794.30	910.11	369.54	932.51	999.36	951.31	17.14	866.75	78.39	89.94	756.81	994.91	911.85	803.73	527.41	826.83	713.89	421.48	543.60	904.65	725.97	894.18	873.51	394.38	419.20	716.25	24.12	153.82	845.42	585.05	197.03	639.72	495.16	565.58	572.23	494.52	516.89	588.38	361.27	594.28	677.32	118.08	589.19	
589.17	920.80	116.60	416.00	634.69	537.08	958.60	539.34	263.05	852.78	412.85	656.43	271.97	129.10	679.55	424.79	973.52	264.60	620.83	613.24	758.76	186.40	185.48	253.28	702.30	772.86	613.55	296.57	450.17	730.63	884.76	39.34	651.43	1.36	454.34	286.12	537.44	412.94	824.45	799.49	265.71	237.30	455.93	536.69	365.40	135.48	960.48	338.92	399.08	581.30	951.17	157.84	766.71	136.64	410.12	469.00	908.50	23.67	764.58	358.67	753.30	649.34	397.02	404.73	649.70	850.36	689.84	187.15	263.30	514.30	
985.64	528.01	750.60	441.57	64.70	116.00	576.04	25.18	453.93	974.12	605.48	405.09	131.96	372.19	540.74	541.09	840.20	449.24	563.76	604.77	806.91	317.06	254.11	203.93	720.79	902.81	54.29	410.63	89.96	316.59	923.93	75.60	843.60	674.53	516.17	907.31	789.53	92.21	931.49	243.46	66.33	536.97	647.55	197.30	908.16	188.29	737.39	748.36	636.53	301.15	353.14	443.44	617.21	606.25	646.38	338.00	509.06	699.67	747.63	598.02	16.26	671.56	672.62	858.86	346.09	188.79	766.17	135.62	280.00	697.65	
378.08	345.33	234.62	25.64	541.63	142.79	212.93	279.01	890.15	848.46	579.16	243.29	291.90	196.37	848.53	937.28	533.36	357.60	636.95	280.99	954.62	652.21	951.55	627.25	511.07	297.64	815.03	277.24	432.26	95.03	973.89	809.34	439.36	208.52	833.97	979.99	350.30	46.90	259.00	240.45	894.36	837.16	482.74	186.27	33.53	331.27	123.55	565.89	687.87	759.49	845.88	642.50	411.70	797.43	269.74	921.77	95.07	84.77	199.01	526.32	178.81	172.90	335.66	617.17	380.42	169.64	597.16	729.72	215.54	855.16	
969.17	109.90	692.31	451.91	295.17	724.84	782.19	417.71	290.73	470.06	177.20	136.61	112.55	587.90	933.05	381.30	509.67	28.11	465.07	707.68	553.44	642.88	879.58	888.10	260.05	260.00	57.74	856.20	988.72	272.28	711.36	957.90	381.18	403.67	409.81	675.34	128.51	192.00	93.05	418.24	661.06	269.26	553.86	772.61	856.16	486.90	153.91	365.84	514.02	617.98	73.52	67.46	260.85	952.10	954.56	519.90	212.11	12.29	376.10	200.83	283.57	87.46	158.72	663.74	490.13	567.53	339.09	617.64	758.53	431.14	
35.89	419.59	699.40	588.75	192.20	555.56	75.65	345.11	920.39	588.67	962.09	992.91	655.13	222.94	945.02	609.68	741.84	157.12	620.97	117.94	356.95	903.54	204.40	514.67	567.29	693.53	82.21	905.37	311.17	839.74	336.51	346.06	259.33	35.91	933.81	450.53	590.47	9.46	794.64	510.86	597.13	756.73	503.77	252.25	978.67	448.79	860.94	720.51	604.91	481.91	837.45	960.86	385.45	41.85	475.53	951.74	734.38	556.74	857.11	45.55	396.48	193.62	390.62	654.81	228.53	324.42	105.33	818.00	332.88	898.97	
328.86	929.01	655.70	831.63	181.27	634.36	280.41	42.20	354.87	884.32	523.11	192.32	845.18	907.56	233.17	320.71	859.30	966.55	876.44	716.41	12.10	272.92	909.04	401.72	926.73	137.57	725.14	32.06	954.57	58.03	930.03	283.43	986.04	585.73	115.05	167.31	220.10	394.47	208.51	573.97	278.79	730.62	765.29	123.97	638.19	997.46	443.67	497.49	964.01	320.12	213.90	975.11	592.04	122.94	376.83	518.76	259.51	101.97	549.82	214.08	159.00	479.86	496.51	145.04	65.59	610.56	311.35	284.69	5.03	518.86	
857.66	282.82	249.49	622.94	405.79	886.67	620.40	848.46	384.16	584.41	168.57	597.07	559.52	759.61	719.01	935.34	278.37	977.52	37.31	827.20	191.60	195.31	307.05	687.11	339.35	371.64	297.67	649.70	655.33	301.71	168.56	512.98	583.53	417.05	135.93	988.31	303.72	755.33	836.77	686.89	339.74	5.35	283.95	898.25	763.96	2.96	833.60	42.33	979.48	869.91	868.53	171.08	65.22	175.58	857.19	403.57	546.22	154.87	53.27	201.55	455.57	220.83	713.54	39.10	636.88	848.47	27.41	939.60	603.80	863.18	
626.49	942.54	867.53	909.44	840.79	631.49	911.40	674.39	672.82	890.88	544.30	541.35	61.96	608.52	715.93	918.15	12.09	262.15	73.02	64.36	462.71	527.59	284.19	176.25	565.69	920.07	24.71	592.10	859.67	627.51	455.29	486.16	570.05	322.82	395.60	410.85	953.30	307.00	85.24	626.12	197.88	628.54	167.47	258.84	237.05	882.40	176.99	248.14	144.55	249.01	311.50	606.26	775.61	594.69	781.51	341.30	514.76	805.22	932.40	374.43	432.74	387.69	859.59	2.79	709.51	255.19	412.63	662.81	561.18	496.87	
288.93	758.06	125.41	455.41	16.90	361.46	337.81	192.89	608.60	481.36	440.91	919.11	87.62	216.51	513.80	868.13	556.81	28.57	673.35	489.21	402.00	106.09	875.90	261.59	107.87	585.41	515.78	519.51	248.22	76.96	16.38	536.15	834.02	140.78	990.56	849.92	501.24	328.36	42.81	109.85	808.72	482.72	28.95	895.35	698.23	541.76	763.47	255.04	569.32	436.82	743.25	970.32	541.91	619.15	231.91	648.78	204.56	746.69	168.29	451.78	822.65	183.67	986.93	656.67	323.45	977.49	506.58	823.69	305.85	548.40	
932.54	114.57	31.12	960.49	9.92	728.35	502.25	772.39	982.39	71.57	209.22	725.64	41.90	750.13	344.79	272.81	398.91	548.35	19.50	566.20	999.12	841.15	748.87	986.05	497.81	72.32	963.54	4.40	895.01	269.39	551.79	827.54	382.96	581.91	788.04	391.88	310.25	290.29	164.28	292.64	360.86	372.49	18.28	401.76	122.62	362.07	673.57	520.54	909.41	692.07	86.74	908.54	533.21	834.61	894.59	31.03	905.92	858.12	34.42	800.93	127.51	585.22	628.48	509.47	167.13	416.51	900.35	476.38	705.80	64.63	
768.02	66.66	436.12	785.30	467.42	557.74	147.36	140.99	78.28	56.78	832.05	164.02	964.31	365.27	997.63	858.90	395.29	903.55	717.02	428.72	704.48	843.53	13.94	332.96	353.00	180.06	748.47	253.35	655.44	454.27	316.98	423.46	519.93	752.10	208.76	986.35	309.85	355.12	127.33	387.13	410.89	958.39	550.15	375.21	323.66	547.77	234.11	717.95	451.32	950.13	146.67	155.81	793.66	159.60	487.76	146.67	338.67	236.24	399.02	993.11	689.51	715.00	416.57	209.44	467.10	624.32	195.79	775.95	978.44	322.12	
163.07	389.34	280.51	712.22	763.54	603.17	259.99	996.65	321.12	710.31	946.78	466.79	865.12	740.45	625.39	352.88	886.11	963.06	588.12	285.13	956.16	277.63	999.13	372.73	486.07	466.23	996.06	680.86	242.18	974.50	2.99	404.25	363.84	282.50	116.47	127.38	884.66	375.46	124.03	205.78	85.78	70.81	671.57	949.90	810.26	296.96	302.78	696.37	260.01	889.90	980.51	216.18	167.53	979.64	587.91	652.60	445.87	583.97	333.46	687.05	558.46	335.45	91.30	921.30	616.95	206.78	48.68	501.61	581.24	171.71	
706.39	666.02	241.53	377.96	615.91	51.79	673.91	917.69	747.16	932.93	807.59	727.67	149.11	974.12	707.30	736.02	626.72	153.18	319.98	959.19	839.23	877.45	294.64	929.53	798.74	910.58	136.30	846.42	412.19	716.54	18.14	118.58	382.56	258.66	495.54	997.47	309.45	169.45	915.16	56.62	102.38	722.75	783.28	250.48	696.87	490.59	985.50	323.59	642.76	305.48	282.78	481.99	182.93	576.42	411.52	980.67	487.00	546.82	827.10	898.19	263.36	844.24	16.77	644.92	102.90	511.30	642.39	411.35	679.75	557.55	
466.97	781.13	280.30	250.25	31.61	976.17	739.84	17.11	299.76	382.60	321.60	581.54	863.59	503.53	157.96	275.11	484.20	643.95	820.93	311.30	542.14	84.29	155.54	557.90	728.22	257.44	69.21	370.61	667.79	747.96	927.16	134.76	529.08	207.45	384.01	559.69	183.62	123.85	575.81	482.38	505.45	896.41	63.92	369.04	399.93	220.88	643.15	883.13	863.83	464.08	194.43	405.97	547.38	348.97	962.88	275.59	605.41	32.08	645.20	273.20	779.04	572.35	406.96	308.12	778.81	789.97	866.82	961.43	912.83	442.62	
443.81	418.28	339.03	506.74	786.32	737.96	726.62	429.48	621.10	590.45	892.56	814.53	995.42	439.94	163.50	958.30	714.53	767.91	989.38	359.73	41.11	768.42	931.08	447.07	76.54	709.89	237.04	942.36	671.32	149.87	384.98	115.13	567.15	723.01	620.86	353.47	460.98	347.48	781.95	82.07	936.93	674.51	895.61	932.36	114.45	59.11	890.66	827.98	826.02	880.04	187.71	866.13	648.46	118.79	313.20	724.01	827.67	549.24	666.37	498.99	698.11	51.35	613.11	265.26	773.36	233.98	617.73	234.34	580.46	399.68	
315.41	517.39	74.20	211.01	449.75	187.65	269.12	340.41	15.62	95.14	220.45	202.33	960.27	867.91	320.11	273.47	591.92	147.79	821.71	258.29	645.77	519.81	308.63	258.89	784.07	81.99	491.87	401.80	315.33	72.33	800.49	629.74	588.72	873.68	839.75	38.47	61.33	108.88	377.87	75.95	203.02	597.32	277.28	163.29	465.24	596.40	435.75	57.16	743.18	257.46	314.44	388.95	776.27	622.08	646.84	560.34	703.07	138.71	961.15	18.40	210.03	761.64	647.14	797.75	635.32	486.89	835.22	695.65	594.77	213.09	
770.61	796.79	809.42	47.89	959.07	274.65	643.29	394.82	330.81	386.47	651.28	644.25	774.42	427.55	266.32	421.26	986.90	968.39	558.97	948.05	985.80	768.00	709.68	632.94	565.75	345.01	119.83	400.97	40.66	713.60	613.06	810.27	510.39	422.48	857.15	469.46	696.13	500.44	863.28	26.93	885.91	514.56	670.18	660.33	941.12	935.51	81.59	928.02	903.90	639.56	876.06	889.70	407.56	585.75	522.63	972.31	929.75	641.46	373.28	969.41	355.06	985.34	779.68	864.44	407.82	636.83	333.90	103.95	137.27	197.18	
129.89	23.18	710.75	799.07	682.51	651.87	734.58	763.10	579.88	638.48	402.66	455.94	528.17	809.21	41.69	50.80	781.52	970.44	691.26	154.80	939.86	46.32	140.15	719.54	909.76	546.97	356.37	243.66	649.92	492.65	439.85	778.81	514.83	150.60	577.88	197.34	801.46	312.45	959.43	381.34	949.93	362.09	836.29	478.10	171.30	876.98	527.91	951.82	847.42	219.17	106.63	787.28	264.49	245.78	506.81	174.25	791.75	862.18	416.92	441.67	354.83	855.77	220.48	868.66	6.36	797.36	65.99	806.82	109.81	25.42	
188.17	59.74	386.51	24.46	536.85	556.81	900.43	64.75	508.64	747.85	282.92	614.27	535.13	546.42	859.04	41.95	719.67	650.79	903.13	136.59	92.46	257.96	991.35	311.93	126.61	996.72	109.29	191.60	803.54	218.10	216.03	990.71	276.85	601.54	15.17	812.69	158.35	914.60	876.45	665.99	662.46	159.37	280.26	197.59	704.79	139.30	238.53	424.46	789.09	141.66	560.05	880.54	398.62	551.40	192.48	524.23	548.12	300.77	714.84	351.66	517.87	929.87	342.37	793.72	531.41	356.53	606.41	688.76	271.13	482.86	
354.75	932.59	641.23	634.01	130.18	346.02	772.31	367.71	769.48	561.39	508.37	329.53	441.93	905.99	879.93	633.41	430.22	428.04	933.18	145.06	778.70	451.05	74.92	121.07	244.76	605.33	476.60	850.17	294.09	746.74	333.03	647.84	679.33	973.27	281.85	808.50	319.29	54.15	176.21	88.77	614.55	683.58	417.30	56.48	589.57	297.22	688.89	19.79	724.27	622.07	163.85	502.97	73.11	237.78	623.04	316.88	842.11	99.64	167.05	136.20	845.38	499.08	783.04	524.71	472.35	64.89	333.21	790.64	118.04	508.42	
878.41	731.59	192.00	295.71	787.07	780.58	591.93	475.96	799.37	316.20	98.03	962.22	818.17	170.14	200.00	441.21	486.01	42.11	539.85	652.06	177.31	385.23	151.15	959.35	908.93	622.50	24.24	242.14	413.14	141.28	749.56	291.55	871.86	940.57	586.26	658.93	721.15	178.19	134.89	520.52	493.39	231.92	482.74	311.56	401.06	681.75	751.77	886.07	722.86	291.62	538.14	899.17	675.84	688.29	858.52	584.77	310.79	881.75	825.92	722.93	23.03	575.48	14.48	893.89	516.05	599.74	552.83	237.20	776.93	686.72	
756.71	270.32	917.65	239.46	580.88	318.71	920.20	332.65	204.78	643.06	623.27	741.92	542.23	299.11	430.21	400.75	882.88	739.99	282.50	708.80	462.92	304.53	284.28	476.40	198.43	799.33	76.14	750.26	36.53	852.07	436.98	792.24	122.39	354.63	31.70	702.27	672.33	950.90	34.92	876.11	593.96	657.19	618.03	136.19	955.29	48.24	535.94	838.18	787.23	817.44	546.98	250.15	121.97	830.26	725.55	319.39	629.59	800.69	69.65	665.12	652.76	505.63	457.36	774.15	859.25	488.06	476.42	531.58	438.95	510.34	
407.70	32.91	167.53	25.73	168.10	122.82	72.96	703.04	960.00	859.19	520.48	506.97	109.35	641.45	337.23	833.90	959.84	965.82	634.59	29.49	630.94	287.35	534.12	88.29	61.50	393.37	575.35	536.92	923.95	14.30	47.26	331.65	46.22	213.78	356.38	213.32	335.60	428.34	915.36	295.60	287.54	435.84	801.57	395.88	77.28	138.81	229.78	37.12	104.62	863.37	65.61	734.56	150.72	598.73	821.85	211.21	991.10	397.20	747.13	915.05	410.50	793.39	246.70	455.72	7.17	602.08	668.04	341.77	30.42	583.40	
636.37	316.96	19.24	437.95	711.84	95.52	575.75	940.62	131.65	679.38	803.99	196.26	413.94	953.70	793.99	235.79	164.92	785.08	631.99	911.05	700.14	42.50	704.44	945.84	497.22	710.61	547.92	165.26	52.38	577.34	747.66	687.76	893.30	765.90	125.71	605.14	860.42	700.46	545.76	991.07	379.84	349.75	187.33	792.78	303.45	980.32	28.57	467.37	765.40	659.56	378.42	465.54	701.06	82.86	411.38	198.28	792.46	958.30	362.53	843.85	535.64	110.19	531.61	428.95	875.09	656.31	34.09	735.52	356.77	578.85	
726.59	735.62	927.59	912.91	528.40	231.04	893.23	555.97	697.41	658.63	215.53	75.83	124.17	915.59	157.68	534.54	113.87	949.15	492.84	475.40	793.00	28.49	584.60	324.60	456.43	459.69	979.91	489.52	195.20	336.69	68.37	920.79	72.30	994.96	833.70	599.70	226.00	726.93	155.67	922.41	385.56	370.20	997.24	508.73	285.79	154.92	43.27	398.66	104.07	535.11	873.06	896.06	562.60	457.66	220.66	19.04	916.35	200.58	507.56	111.55	536.27	574.93	32.34	607.57	569.89	865.05	207.27	794.89	591.98	361.93	
717.30	976.54	731.13	714.54	485.27	16.92	868.46	527.54	414.58	971.53	62.65	287.65	867.59	624.25	744.31	88.26	642.29	660.66	287.84	149.85	771.21	823.10	723.77	802.56	430.67	293.66	667.60	636.94	88.56	259.58	997.87	804.86	236.12	729.00	519.40	720.38	744.92	387.86	247.92	159.51	359.39	309.57	446.16	226.98	932.82	190.47	314.24	575.10	850.13	601.08	723.95	621.34	424.18	447.72	423.89	853.85	740.38	91.50	490.78	827.94	350.07	488.65	632.80	585.19	217.65	152.20	305.57	961.57	539.06	552.49	
121.08	897.45	861.05	566.24	124.44	793.87	755.71	437.68	368.97	605.83	38.75	92.92	227.17	461.93	539.64	650.07	315.78	280.02	740.56	805.56	107.96	90.63	294.21	739.76	674.82	510.86	890.96	979.40	472.44	430.03	531.88	592.52	327.48	392.94	158.76	450.91	186.81	913.46	887.59	554.78	519.29	925.35	646.70	745.47	387.28	186.33	395.53	702.06	465.36	136.10	507.62	572.32	225.73	800.83	312.08	899.55	311.69	203.05	878.95	783.13	632.07	410.83	375.65	958.55	802.77	533.40	409.46	988.58	446.87	297.06	
543.36	965.16	222.40	190.05	710.63	608.68	375.39	106.16	310.74	839.74	241.26	817.36	412.06	465.99	618.19	723.14	365.54	928.89	925.19	244.49	712.02	557.26	654.33	87.67	515.81	457.10	620.07	924.27	445.68	66.94	221.33	988.04	32.10	442.73	178.09	741.73	51.41	552.47	846.89	361.15	392.22	88.15	178.52	803.28	553.13	795.71	526.42	917.67	724.60	451.61	162.16	436.62	8.86	815.49	523.28	523.67	272.59	143.35	447.94	717.27	209.29	668.27	705.30	240.39	111.00	882.39	981.12	161.41	434.86	828.01	
521.57	826.08	915.15	699.08	629.36	468.29	494.79	155.78	385.96	219.39	606.39	547.12	655.00	614.25	362.61	178.29	137.92	634.20	320.64	584.86	351.46	528.93	253.13	56.76	768.32	363.13	938.15	749.44	523.54	373.02	577.45	45.10	199.10	492.61	743.19	827.46	959.89	237.98	982.24	345.85	456.37	588.62	891.97	111.37	202.87	254.58	288.66	339.80	887.78	608.30	923.66	239.24	137.23	176.79	295.01	904.55	538.92	233.16	654.00	62.46	605.18	231.45	106.56	803.28	723.06	848.75	630.74	682.96	86.72	612.98	
28.81	542.09	201.60	919.78	652.46	403.47	174.37	940.12	742.27	62.15	548.41	665.93	300.39	684.64	841.72	594.40	589.20	380.64	826.56	243.20	442.09	431.74	473.65	547.65	235.02	196.71	396.40	864.76	878.67	482.12	477.73	906.47	24.21	678.33	826.26	675.67	81.81	999.62	615.79	823.08	61.77	164.20	489.00	361.16	847.84	330.72	954.56	437.04	710.36	781.12	679.24	152.45	212.86	152.89	699.11	446.88	348.60	95.50	311.63	227.26	576.63	788.37	133.74	599.84	466.70	958.99	275.51	547.50	958.61	890.29	
