70
70
7
126     37
123     36
485    194
335    134
 31      3
175     17
212     42
499    249
 76     15
425    212
464    139
431    172
449    134
394    157
376    150
207     20
 84      8
405    202
372     74
 97     48
425    212
 33     16
469    187
240     48
213     85
480    144
499    249
 12      6
 12      3
102     30
304    152
370    185
436    218
 51     15
225    112
412    164
111     22
381    114
 71     28
220     88
381    114
 56     11
214     64
153     45
271     27
 94     37
255    127
163     16
 55     16
210     42
 53      5
 25      5
268     53
436     43
122     12
209     20
450     45
 94     28
 25      2
476     95
 88     17
 72     14
341    102
235     94
 35     14
262    104
162     81
 50     20
172     51
354    106
662     45      675
384     33      468
646     37      452
990     79      609
318     38      371
121     20      589
102     91      362
422     49      272
758     95      219
810     15      277
458     52      228
942     46      343
270     72      693
971     56      626
356     44      633
676     40      508
159     61      468
389     74      529
525     15      297
930     18      514
847     14      503
464     37      607
156     53      300
687     18      669
799     27      285
771     90      427
601     15      264
954     92      398
858     31      511
326     10      346
827     18      279
725     23      232
555     57      614
887     20      531
690     56      641
416     58      284
460     10      666
374     35      549
259     78      604
924     17      685
151     21      627
511     63      632
702     87      575
720     74      365
981     18      303
663     89      507
244     68      673
989     50      571
995     51      582
371     39      517
681     42      385
813     74      384
458     52      423
250     11      231
742     96      352
575     23      509
163     70      458
741     13      663
439     47      453
314     80      516
406     68      309
522     36      278
561     86      548
842     67      469
374     89      355
536     50      234
790     63      554
393     79      320
128     38      584
765     87      457
782.80	708.33	601.56	699.95	472.00	706.33	469.07	843.42	842.40	952.21	599.84	473.98	676.57	200.85	906.84	253.40	710.11	731.47	909.03	986.85	515.47	562.05	673.54	95.86	43.64	284.55	786.39	755.22	76.55	633.45	791.31	858.35	341.78	392.88	558.30	812.78	99.21	27.38	656.20	940.61	978.59	256.05	414.58	655.15	455.90	321.42	907.56	166.00	52.89	816.59	152.86	567.36	378.64	825.40	662.22	421.28	109.95	448.61	176.50	185.50	82.06	966.82	43.85	422.84	359.69	601.16	235.62	457.90	627.54	890.82	
398.50	606.12	146.87	812.09	261.28	601.77	133.51	168.83	766.77	185.40	984.42	918.63	751.76	363.06	744.03	413.98	783.34	852.98	861.59	958.84	38.48	942.65	925.65	81.34	365.49	285.35	681.50	600.11	742.25	309.03	490.93	140.75	914.15	636.80	951.84	175.43	238.57	85.35	343.27	5.34	269.75	327.69	922.97	21.52	689.75	667.00	434.50	473.09	519.98	296.09	431.93	557.46	238.74	357.58	637.80	603.23	641.93	319.29	203.34	384.18	627.32	693.27	523.93	541.48	330.07	475.77	715.91	567.64	560.12	59.18	
571.98	828.87	385.86	494.95	849.39	75.61	161.95	283.89	547.70	680.93	578.98	978.63	238.39	816.73	336.21	875.19	419.95	977.14	194.48	622.29	361.32	820.81	315.56	884.24	362.28	644.62	360.01	78.19	212.26	919.12	136.37	783.24	748.00	521.23	278.19	597.39	595.85	439.14	880.28	143.55	120.06	459.26	122.18	357.45	275.99	457.39	232.64	694.94	434.53	426.12	317.23	794.85	246.93	631.78	679.09	608.21	276.41	39.10	685.40	487.67	957.22	820.77	270.91	705.22	342.01	548.10	302.61	936.85	986.24	182.88	
80.40	106.30	641.14	201.58	462.75	916.13	657.97	694.39	611.07	92.50	120.52	927.29	886.35	366.44	559.08	565.44	973.65	834.48	603.54	659.06	322.15	560.76	479.83	592.06	265.98	820.84	140.16	567.59	757.69	126.39	749.47	837.10	231.69	390.62	38.68	693.45	306.74	695.65	387.84	916.81	787.16	507.36	844.11	673.51	872.80	403.18	238.95	846.45	237.67	841.49	505.51	558.82	402.26	984.34	150.88	667.24	805.18	290.04	234.83	562.87	415.43	983.31	399.97	646.13	373.92	437.65	339.57	679.67	133.30	726.42	
596.48	919.46	233.77	440.59	592.97	106.57	842.77	830.92	952.02	80.43	672.41	457.53	638.25	74.67	441.87	788.13	740.91	247.05	78.17	974.75	808.92	492.60	958.05	208.88	138.72	331.98	645.53	477.30	11.65	777.83	203.71	607.13	697.29	436.49	47.71	290.26	542.06	889.48	121.18	494.09	968.92	792.59	950.62	607.17	866.27	392.49	395.30	607.18	638.53	472.46	581.93	447.45	964.06	539.98	655.34	102.78	870.96	300.87	579.07	881.61	78.70	781.79	488.73	774.99	218.27	535.45	65.25	759.33	424.93	185.44	
253.42	393.84	977.03	204.03	1.01	843.29	595.52	395.31	450.48	234.06	866.77	32.40	680.51	830.82	571.39	335.85	932.60	442.35	635.71	511.68	323.95	713.42	293.46	811.69	488.41	510.73	347.14	552.66	270.06	771.07	737.10	522.48	164.91	714.13	725.51	164.92	557.42	321.04	559.23	7.90	554.09	426.00	39.30	234.60	256.82	609.69	569.45	189.43	52.03	205.16	700.10	374.99	917.58	992.56	186.68	405.99	503.29	532.82	957.65	772.36	303.88	694.75	294.84	467.79	408.88	20.35	631.72	965.31	340.39	190.95	
972.20	893.48	615.94	11.51	128.09	871.77	620.19	696.54	61.19	671.23	900.70	760.30	46.22	818.27	752.86	231.90	224.26	256.15	763.71	181.91	28.51	67.59	875.67	322.35	534.39	284.55	341.71	166.10	249.85	681.10	356.05	222.06	574.58	970.99	232.56	701.67	842.76	851.76	398.20	902.95	522.99	298.90	663.25	568.20	117.18	416.11	799.10	340.44	671.26	562.81	521.35	698.77	629.41	397.02	21.13	163.79	680.57	361.83	328.90	929.42	42.93	683.94	151.48	616.51	654.94	383.05	318.18	497.70	234.80	715.38	
400.65	756.79	14.28	63.90	324.99	130.46	479.01	124.10	469.89	150.27	685.91	990.25	848.04	315.32	387.27	868.17	478.11	67.84	230.00	806.01	996.26	271.93	489.95	147.74	887.43	144.89	529.79	205.61	641.58	763.59	919.99	42.23	520.38	933.27	105.13	844.37	63.72	583.14	967.47	532.62	732.41	653.38	522.86	580.46	967.70	909.13	448.63	445.81	975.97	677.63	251.82	972.23	948.55	740.77	119.97	835.99	884.66	648.75	41.60	526.24	412.34	960.58	567.48	931.72	893.85	671.61	776.10	956.57	254.75	743.57	
489.19	986.16	396.95	12.05	566.62	364.64	920.18	15.25	809.45	896.15	691.87	61.27	868.38	640.43	801.04	987.34	476.41	685.69	636.10	517.01	211.94	48.44	477.59	778.41	979.16	371.44	450.02	755.26	328.01	703.78	498.82	816.20	689.94	894.77	827.25	256.56	259.41	747.44	270.81	68.86	643.59	961.68	129.13	511.96	602.11	929.17	499.31	78.52	614.86	135.41	594.52	825.80	182.85	72.11	604.21	162.01	442.56	54.23	916.27	769.57	757.01	415.09	585.77	446.95	309.86	413.02	702.51	568.27	160.46	972.32	
636.13	803.05	934.00	764.26	315.01	536.10	693.43	813.32	613.62	308.29	947.72	208.15	134.09	130.57	279.26	737.30	291.58	720.82	790.54	207.85	490.39	547.54	621.94	76.16	993.49	930.80	488.18	696.00	499.07	647.64	668.32	135.20	450.69	602.32	898.47	764.70	138.42	591.90	578.02	751.04	899.19	525.74	958.19	33.28	655.31	237.45	769.59	945.89	957.27	560.12	153.74	447.65	107.67	774.68	522.81	101.16	705.48	10.99	796.16	204.55	657.63	464.48	338.75	108.32	66.80	237.22	872.02	204.22	828.12	450.04	
954.26	727.31	974.78	912.45	759.60	630.09	149.90	529.18	575.98	107.17	89.31	728.71	553.82	195.98	503.39	76.63	296.14	208.87	86.62	92.30	412.42	743.25	555.78	750.17	850.57	621.58	986.39	722.59	824.80	814.51	172.63	779.06	541.82	147.41	691.51	301.42	776.49	840.42	829.61	352.47	946.58	917.92	81.18	500.40	113.89	583.57	576.03	409.03	791.44	661.65	500.32	203.86	404.90	56.10	953.03	255.48	676.68	939.42	977.07	501.48	753.94	149.70	280.54	295.76	296.11	971.06	596.18	72.60	811.47	425.79	
424.06	758.06	343.71	504.25	258.46	456.60	87.82	833.50	864.63	878.26	495.15	364.95	82.13	899.05	420.05	35.16	154.53	96.74	973.58	131.60	597.22	727.52	280.30	876.76	23.28	575.41	847.82	618.47	647.01	659.29	44.26	71.07	417.35	386.97	574.32	674.81	842.57	661.14	508.31	707.19	539.40	3.46	72.14	620.53	901.51	491.20	654.69	56.04	586.93	628.27	186.64	184.15	355.79	465.94	60.91	378.08	41.35	907.73	995.54	687.35	567.03	39.80	757.42	983.38	425.77	331.74	658.20	268.34	991.88	166.51	
974.53	531.28	168.96	46.67	151.80	70.47	536.86	805.49	125.51	123.80	433.76	311.15	306.95	788.55	776.09	366.86	166.63	816.44	274.59	162.17	503.80	840.62	200.97	261.22	824.00	625.74	591.96	482.20	893.08	583.83	647.70	867.61	115.11	815.67	913.27	265.91	885.14	450.14	71.40	10.65	572.93	504.16	320.80	878.88	292.72	96.90	245.74	458.34	912.34	519.33	619.51	416.13	359.96	819.49	676.35	183.96	445.23	268.31	665.16	338.31	851.15	312.86	205.91	965.26	128.53	119.19	231.17	13.67	568.33	301.57	
23.32	141.26	804.73	343.13	20.14	97.45	439.02	264.88	554.79	351.36	783.22	174.31	766.50	143.17	992.80	442.85	326.13	438.03	710.16	990.29	775.34	561.31	303.15	980.25	526.57	430.68	99.44	756.74	443.35	666.77	58.31	465.67	807.03	862.05	807.80	826.17	958.50	246.82	91.05	513.29	597.18	873.27	686.60	363.68	16.44	679.40	805.53	341.57	117.42	515.70	331.86	891.76	77.01	634.01	872.01	602.58	64.69	970.45	359.32	507.04	637.22	416.63	971.71	444.25	278.67	779.51	270.42	237.17	26.33	360.47	
749.46	622.52	233.73	436.06	985.20	249.17	115.45	790.73	589.74	231.88	306.43	920.61	123.64	382.44	554.62	994.65	984.02	618.31	965.10	343.33	125.36	602.32	758.96	97.07	46.57	37.63	875.58	315.99	273.80	900.92	675.46	23.26	523.43	908.19	458.32	508.63	157.36	572.78	299.37	746.11	803.66	604.79	666.71	926.29	986.23	221.33	920.94	970.25	838.64	886.04	313.58	963.00	488.37	72.54	60.08	533.94	109.17	934.66	848.92	381.98	835.58	524.38	404.24	359.01	432.57	861.57	866.64	588.93	434.35	166.01	
335.04	238.00	769.80	1.75	164.29	756.04	222.08	85.24	726.29	60.72	970.28	39.87	23.73	458.64	111.41	82.80	991.58	219.58	17.46	840.51	600.56	852.04	364.89	4.80	211.05	796.46	865.37	77.69	385.39	299.72	242.70	719.43	536.72	12.51	720.18	700.01	767.55	941.26	784.25	493.83	1.98	754.53	532.70	24.71	213.17	643.10	106.51	204.75	861.68	122.98	45.26	462.24	974.01	409.14	466.05	185.07	205.60	331.42	261.76	589.99	630.13	503.46	309.42	166.85	514.97	29.60	865.86	282.52	969.86	650.11	
775.35	970.84	404.63	308.05	994.56	616.80	950.15	101.07	820.55	811.84	223.05	864.81	274.08	197.06	273.95	739.13	381.13	478.55	70.54	641.89	68.54	699.68	145.35	376.96	865.52	659.32	405.56	731.38	940.84	375.42	381.49	716.20	346.27	785.13	24.24	340.82	401.93	973.40	440.89	222.48	785.24	662.94	87.29	59.32	859.00	360.25	797.45	240.13	837.80	866.99	881.02	905.35	566.67	26.37	282.31	432.19	684.69	686.87	163.58	625.54	62.30	544.07	341.73	407.56	329.19	364.98	747.39	730.12	338.37	188.28	
951.61	123.61	850.22	38.90	181.93	709.23	398.15	978.37	948.36	235.95	845.36	829.37	141.30	412.03	854.74	422.61	843.22	539.43	109.48	6.80	164.97	170.78	549.86	505.70	577.34	878.06	869.68	324.73	608.18	208.05	512.01	559.79	330.66	362.24	597.69	511.59	71.46	994.84	489.96	19.82	230.79	335.32	848.19	371.09	746.35	702.93	792.70	589.58	242.36	901.18	595.37	406.33	71.96	145.24	911.03	648.30	23.29	780.70	972.03	630.48	987.75	484.05	190.27	318.41	845.28	786.96	829.00	915.75	781.80	318.96	
934.57	12.60	653.28	782.76	382.69	399.64	485.69	175.39	988.21	727.05	76.57	583.59	133.38	147.53	727.82	44.41	794.84	750.12	824.11	766.87	380.59	811.87	250.92	569.86	130.28	96.20	356.82	958.28	11.95	138.62	277.24	945.51	150.22	929.52	728.27	531.91	329.16	213.96	706.30	317.37	940.01	781.87	899.96	73.39	928.40	627.78	116.79	723.24	377.90	939.91	490.11	757.49	751.77	740.02	327.35	881.05	835.22	683.17	839.33	846.17	820.79	116.57	791.68	970.01	46.08	519.95	501.92	374.24	732.91	208.21	
690.61	672.92	989.08	590.56	745.31	917.48	218.34	861.10	640.72	595.24	801.01	130.82	352.73	552.78	869.85	679.08	433.83	705.07	362.25	273.16	551.23	183.04	388.73	342.92	153.05	433.81	861.87	653.97	807.05	594.78	861.18	497.66	267.70	850.26	88.23	13.00	767.74	305.57	873.11	408.46	899.81	674.11	538.29	252.53	226.89	408.13	930.61	659.73	113.20	292.86	931.89	663.44	474.90	320.62	6.35	626.95	753.43	867.22	280.92	560.48	462.00	142.10	58.15	728.70	991.36	145.37	740.70	759.11	449.94	613.81	
167.57	349.75	287.92	704.86	601.28	513.81	112.99	531.89	173.54	225.20	823.75	105.43	887.63	298.65	425.05	892.98	924.60	178.48	760.20	205.52	737.97	222.20	346.63	795.11	949.89	337.99	939.49	690.59	97.10	389.43	304.40	263.67	738.17	591.31	967.53	339.45	105.13	80.52	870.34	277.66	304.72	694.10	382.09	192.35	991.75	806.14	85.33	916.35	983.63	844.53	121.88	721.59	66.72	467.50	516.71	16.61	804.49	456.19	706.20	900.59	844.62	10.60	164.25	582.79	600.91	131.78	921.24	705.04	211.30	791.59	
981.70	515.02	485.68	363.80	706.37	477.43	169.94	790.70	393.79	153.57	635.22	514.66	874.16	700.95	981.17	390.87	716.56	785.66	846.07	422.76	686.24	690.68	432.36	849.50	273.47	33.28	980.28	194.72	737.32	191.58	985.31	719.02	705.60	470.99	82.82	411.97	947.42	251.76	202.67	341.21	404.33	836.89	854.87	278.50	537.84	836.04	668.37	254.40	621.69	514.44	676.16	307.94	205.12	108.53	157.43	477.59	140.81	137.71	671.31	877.12	328.29	656.62	596.15	33.89	127.60	677.97	444.86	75.02	928.73	646.53	
415.23	333.06	483.41	270.10	610.56	21.25	106.14	278.93	274.65	726.83	792.36	949.81	34.76	996.48	58.34	191.20	474.08	198.14	327.91	145.39	75.27	655.20	801.00	670.41	688.09	927.61	348.38	132.95	2.63	277.11	778.48	416.86	609.17	261.89	685.96	219.73	282.14	791.10	497.66	555.79	517.93	290.03	505.60	551.69	286.51	562.94	741.89	759.59	760.08	69.79	903.98	834.35	724.00	704.98	504.76	412.09	632.59	852.15	544.04	634.22	129.26	322.52	51.08	737.43	583.41	736.05	956.16	864.55	527.15	453.83	
420.34	45.07	742.86	924.95	595.76	29.37	487.89	337.65	787.96	247.97	406.44	691.93	82.32	130.44	396.91	586.08	541.53	29.50	438.23	85.57	662.72	566.48	407.08	712.80	303.91	989.49	448.85	260.08	854.04	975.00	712.91	274.39	20.07	455.76	199.33	614.83	484.13	686.22	951.48	272.09	933.19	357.93	963.02	15.50	487.36	359.94	600.58	28.89	388.44	38.81	113.45	51.16	604.30	519.54	762.96	907.21	509.03	211.81	167.29	363.07	186.81	879.20	636.46	205.88	334.96	834.79	819.72	818.09	521.01	771.20	
90.18	454.19	129.12	53.21	468.70	615.49	412.14	69.28	643.38	799.58	107.09	755.83	849.74	710.39	275.37	612.70	617.60	783.40	823.51	783.89	146.47	10.33	663.08	781.92	215.21	997.04	616.71	34.93	815.13	137.72	805.13	904.32	590.92	933.25	956.52	59.61	548.74	368.66	127.90	192.12	168.24	233.99	946.95	17.98	943.38	222.32	629.67	560.97	5.72	453.19	344.86	151.19	462.51	7.94	932.11	676.72	4.98	548.82	710.65	819.12	685.55	515.78	723.43	276.46	449.03	679.96	335.08	996.77	48.62	461.97	
188.89	215.86	694.96	135.84	232.84	638.34	357.16	861.51	199.31	361.88	314.69	543.17	512.07	776.20	550.12	444.18	452.92	554.10	992.00	163.57	373.22	677.55	678.35	96.65	953.01	127.38	775.61	288.09	124.15	823.23	749.06	312.04	39.09	444.02	446.88	270.92	82.36	803.04	132.43	280.68	164.92	446.13	822.85	675.99	222.33	372.97	120.17	674.26	926.06	112.17	836.83	299.28	788.71	515.18	394.93	741.73	641.56	170.54	29.81	764.70	992.77	777.88	76.74	31.86	221.90	522.61	301.78	303.26	325.65	433.21	
582.94	489.57	878.34	405.79	165.56	100.67	777.75	284.73	773.93	703.82	395.89	610.76	3.10	184.61	125.94	397.03	925.33	766.50	566.58	954.15	531.20	559.35	732.02	606.94	590.20	952.92	129.55	890.98	256.19	454.20	324.20	838.12	942.78	202.54	243.91	108.34	302.21	21.66	392.07	76.15	724.48	786.96	685.91	726.58	970.57	810.85	123.62	895.90	577.35	689.19	850.05	108.55	248.54	582.07	714.49	837.74	534.99	843.04	728.72	790.18	297.24	52.92	628.30	240.02	254.46	871.21	347.36	555.67	891.87	738.43	
630.82	616.36	525.39	316.73	342.94	495.96	127.58	465.55	391.86	703.93	154.74	241.91	811.49	402.28	822.98	525.98	240.02	357.97	369.02	967.75	148.15	665.26	20.67	775.45	904.28	274.13	646.66	251.65	828.80	538.54	989.08	459.62	154.89	514.47	775.35	496.83	10.44	901.94	961.38	401.30	605.87	116.13	642.21	417.36	517.41	465.19	942.33	756.43	822.16	311.35	724.18	969.31	975.61	743.85	744.76	879.90	17.98	391.43	131.55	845.78	928.97	120.63	305.40	83.86	634.10	80.75	579.69	643.54	981.69	541.07	
44.84	587.56	656.20	686.05	4.92	173.61	151.24	946.25	929.04	972.40	257.61	653.22	941.71	233.22	397.07	686.48	113.12	414.04	77.91	243.67	259.82	6.87	363.29	564.23	89.73	996.39	643.98	668.42	639.93	625.67	209.49	683.77	213.23	864.69	369.81	217.15	38.30	520.05	163.40	966.34	492.45	420.01	619.56	434.16	652.23	16.62	120.64	764.35	429.67	197.55	8.01	688.49	203.42	370.30	252.72	292.15	366.70	895.70	959.57	6.63	521.37	169.06	689.39	733.60	33.75	59.21	949.75	71.05	578.25	113.15	
37.38	70.70	532.16	655.94	503.87	184.39	671.56	623.51	947.74	101.23	820.06	954.75	788.72	23.48	325.06	41.44	314.63	690.75	936.14	274.20	696.38	457.50	442.26	385.78	191.10	475.01	443.98	140.85	545.06	22.23	253.01	581.44	91.94	784.17	237.38	594.80	967.57	907.94	218.31	915.30	9.17	38.37	870.06	796.89	60.84	195.11	837.33	374.47	884.87	773.47	647.67	581.25	230.97	89.93	966.03	421.08	563.94	410.01	560.93	109.00	431.24	812.94	689.44	522.18	597.11	925.82	116.98	564.68	833.76	334.29	
479.98	841.93	371.66	350.04	638.82	431.50	544.15	476.15	804.97	429.02	249.62	452.64	10.27	479.59	541.58	975.29	899.66	105.52	385.30	460.59	213.52	815.54	273.53	901.96	337.71	869.65	827.78	453.69	434.32	661.54	786.98	913.30	503.48	158.64	263.34	142.30	589.14	806.49	617.45	394.11	235.51	866.07	845.75	244.77	345.66	387.33	220.06	245.32	491.85	604.36	704.92	704.37	419.90	977.45	606.33	756.61	847.10	434.12	210.31	281.42	95.66	996.29	194.72	598.14	154.93	457.06	739.43	743.06	263.56	356.88	
137.17	498.06	222.95	981.92	741.84	567.61	369.25	960.90	811.93	860.10	565.26	516.85	564.47	984.16	494.30	170.80	740.77	341.39	603.92	950.07	621.81	698.58	946.36	815.54	296.71	101.29	272.60	36.15	843.35	535.16	392.03	979.52	33.22	613.98	961.45	774.05	181.59	330.70	734.95	992.52	190.80	300.21	509.37	754.27	284.37	3.66	924.07	25.13	344.06	527.98	974.20	964.87	226.56	920.56	780.41	522.27	21.85	53.01	557.42	864.20	587.16	948.45	843.73	619.38	562.43	805.18	393.44	743.02	135.88	128.39	
735.54	325.68	427.60	244.91	79.94	710.97	247.57	4.01	735.10	590.63	530.99	709.30	555.50	756.55	629.87	335.91	278.83	650.72	387.92	835.25	514.92	974.08	783.70	358.65	593.47	346.13	163.83	985.90	89.15	298.71	114.29	823.69	623.38	540.89	68.59	702.33	251.86	315.16	705.34	985.96	904.79	236.33	695.27	460.30	991.89	325.13	795.20	270.72	974.86	183.12	105.96	489.78	157.20	888.66	847.43	749.67	234.79	11.26	735.57	322.94	308.97	848.87	146.63	931.35	389.76	214.23	633.67	640.62	528.39	339.01	
626.58	433.19	574.34	321.85	892.48	566.23	645.98	687.69	835.95	620.84	869.81	940.91	110.62	27.01	829.57	957.05	775.68	64.37	967.31	511.26	386.31	276.27	360.12	531.94	207.62	748.88	745.17	840.30	389.50	273.56	179.31	16.08	705.75	752.65	336.93	598.23	318.88	981.91	285.91	154.83	602.75	155.72	95.74	712.36	181.73	924.31	669.41	956.42	987.68	636.72	467.67	373.99	911.99	826.79	904.93	119.61	575.67	650.10	958.91	964.17	922.66	138.22	979.25	628.41	889.87	316.18	226.64	208.76	298.09	511.55	
362.59	899.83	666.27	457.33	612.20	847.01	381.64	281.60	803.42	369.32	917.32	271.10	742.32	829.31	97.89	647.25	947.93	672.56	297.35	906.84	636.73	220.01	45.06	615.99	847.42	933.93	931.17	74.06	142.69	229.25	584.61	504.28	129.09	250.88	960.61	740.28	97.89	342.25	21.89	900.31	710.58	938.21	171.41	452.89	767.52	268.29	100.14	715.45	939.86	396.49	622.29	576.59	615.50	666.35	192.57	462.92	600.28	123.74	535.98	741.97	351.99	120.59	246.25	480.08	370.47	206.85	220.36	467.36	548.10	241.25	
367.67	258.68	179.46	538.08	710.57	945.99	805.37	809.71	661.44	745.23	206.20	283.73	321.82	820.70	949.08	513.39	283.63	549.36	636.13	818.61	291.33	987.12	938.20	536.57	467.20	308.68	742.42	686.57	775.04	290.53	926.82	142.71	548.21	106.28	679.78	258.78	52.27	485.16	68.49	712.70	230.38	273.69	995.43	551.20	94.39	944.51	64.59	377.02	493.87	699.71	195.63	784.20	686.84	133.84	320.77	154.04	441.52	63.19	839.60	216.55	352.72	766.42	358.26	899.93	871.70	38.05	158.71	922.97	522.20	226.20	
635.67	751.58	498.89	631.11	302.78	592.28	575.62	366.37	968.31	69.49	66.08	163.94	852.68	751.92	296.78	173.45	904.96	737.29	235.64	744.56	952.84	587.37	510.98	311.10	487.30	382.68	348.15	645.00	305.65	869.35	870.20	940.33	620.94	369.09	571.44	922.72	960.38	147.05	289.09	928.68	215.54	354.17	92.62	68.23	106.09	388.39	240.68	11.05	125.69	475.32	754.61	78.53	62.69	265.59	388.63	548.98	647.27	735.78	193.99	951.93	605.14	64.19	892.25	226.07	432.28	463.69	148.79	392.66	609.74	436.87	
321.34	824.29	790.04	412.96	891.51	895.13	800.35	132.19	905.18	925.04	606.51	659.79	3.56	668.20	924.37	391.20	217.18	571.65	126.98	410.17	523.57	731.12	473.36	415.82	956.19	904.64	878.51	104.98	297.30	488.26	540.85	617.64	312.54	330.90	30.59	204.06	226.03	829.95	335.25	131.21	754.98	940.76	790.00	757.55	608.96	714.37	148.74	825.14	286.02	274.73	235.31	808.59	5.85	707.67	224.41	961.03	612.32	102.93	66.01	908.62	590.18	605.87	526.25	901.73	935.76	555.85	105.78	161.79	385.79	440.03	
292.01	140.78	380.79	82.00	897.32	988.75	795.37	46.07	813.89	81.39	319.79	49.21	888.98	324.64	755.88	113.39	285.67	368.20	215.31	350.69	276.81	804.50	955.55	802.07	706.22	891.32	357.92	811.01	53.11	742.71	251.04	344.12	882.48	630.83	425.12	779.81	619.58	220.49	824.87	433.47	300.88	144.67	481.68	189.86	468.30	237.56	302.25	752.98	604.75	516.56	103.66	880.57	321.06	59.22	682.63	27.28	949.53	40.55	837.29	2.64	782.26	88.33	345.76	664.74	718.15	769.88	444.55	337.73	989.37	269.42	
770.20	290.25	413.08	251.88	479.11	880.39	488.43	780.36	633.37	93.19	296.92	736.03	972.75	616.97	794.25	655.39	643.25	743.78	694.93	480.54	745.42	477.19	567.86	91.18	141.93	286.02	860.06	585.48	622.75	849.43	853.90	392.95	139.68	266.98	643.83	617.79	147.37	132.26	398.15	779.74	224.45	694.07	515.77	197.20	311.04	310.01	851.58	953.29	53.79	546.52	433.83	798.21	23.71	1.69	888.39	164.64	286.71	748.45	749.12	908.46	597.87	603.01	301.41	736.56	869.00	944.24	354.35	16.37	76.50	751.50	
795.10	299.94	445.57	310.87	496.14	755.61	619.89	347.72	708.90	672.68	893.24	142.72	470.89	915.95	143.42	359.28	80.58	429.13	107.73	828.70	337.59	704.60	431.72	638.00	441.16	300.71	582.23	794.51	316.08	657.73	546.01	111.18	956.67	990.58	421.06	452.81	746.18	40.94	799.54	455.08	712.62	692.77	596.80	183.51	608.72	739.22	541.79	688.30	168.34	648.52	517.01	504.93	353.12	947.72	142.92	793.28	248.43	724.15	587.79	563.51	381.88	133.80	673.70	338.56	124.38	94.75	790.37	869.56	134.69	589.90	
324.64	846.31	282.68	920.44	29.83	890.40	659.66	570.62	578.70	827.00	219.14	95.71	331.93	571.26	43.43	473.85	364.55	290.87	198.01	951.34	853.38	578.89	85.14	527.08	916.45	208.52	620.83	706.82	78.08	754.52	296.72	401.72	600.84	578.40	322.17	629.66	468.80	980.83	200.28	47.50	807.83	418.42	142.21	139.76	988.69	184.64	612.61	353.23	474.51	809.62	304.58	327.89	388.51	388.72	853.96	304.96	596.24	474.79	11.77	673.32	229.31	307.49	75.05	829.15	884.89	396.21	458.81	353.69	377.04	658.09	
400.19	184.87	76.51	541.40	323.63	65.20	725.04	935.24	417.43	199.55	744.86	721.00	526.43	133.36	109.72	380.39	437.32	704.96	854.18	448.10	378.28	83.50	754.59	452.33	911.64	639.48	847.55	370.45	992.17	224.59	28.54	392.36	408.45	104.05	932.76	731.08	168.25	657.80	666.32	584.68	856.35	411.17	305.68	382.78	543.54	414.40	762.18	979.86	119.36	616.36	427.96	496.65	698.86	182.55	947.98	610.50	821.03	795.53	979.95	813.19	20.11	8.49	205.55	427.57	111.55	138.31	158.65	278.79	795.11	823.97	
862.47	651.46	235.14	168.15	34.24	777.68	581.55	795.42	757.54	699.92	411.78	185.50	196.57	110.64	367.04	144.55	720.14	188.07	939.07	700.09	1.26	958.18	707.58	205.82	385.75	818.13	343.13	543.40	96.92	138.24	367.36	958.40	788.70	601.51	126.55	821.94	379.19	707.10	617.35	136.73	407.02	29.13	321.23	602.59	138.77	687.27	746.13	857.91	874.34	685.21	557.99	874.60	643.39	265.58	80.42	29.14	83.71	422.55	571.54	179.63	559.78	937.91	138.03	348.48	539.41	263.57	170.42	917.60	969.67	786.77	
54.33	376.69	814.90	374.55	978.28	952.67	61.82	724.41	810.58	935.16	409.62	368.57	809.76	53.01	633.15	889.18	81.15	715.86	311.73	651.69	894.49	870.51	589.60	32.51	218.99	129.01	295.09	388.41	46.61	264.76	175.18	99.93	640.45	989.08	473.48	618.73	941.76	534.31	343.14	752.34	469.47	751.76	120.91	279.23	803.77	753.06	168.42	883.92	468.92	479.15	535.62	363.40	349.66	125.22	394.92	567.65	253.22	689.00	955.06	298.83	952.76	130.24	397.76	593.21	119.32	870.25	211.95	61.08	404.55	554.09	
812.41	873.02	305.85	932.32	152.25	109.63	685.38	319.66	992.55	154.30	797.81	528.17	516.70	147.47	652.38	910.61	714.12	904.61	599.62	669.18	203.44	552.38	798.42	600.20	145.59	916.74	470.45	356.54	976.81	874.00	909.63	789.23	747.02	215.48	721.55	898.27	324.11	406.93	217.93	316.66	560.22	15.74	843.83	76.92	162.21	496.22	986.54	875.33	400.83	586.15	544.52	603.27	138.53	342.94	203.47	283.12	259.68	672.92	638.66	236.49	546.92	548.29	25.72	293.93	762.77	746.26	192.20	86.88	153.19	409.13	
402.55	712.41	423.87	246.38	788.34	585.09	741.60	774.88	460.42	142.42	361.03	4.94	744.69	498.56	346.87	947.15	780.68	605.55	620.07	419.34	841.04	166.99	966.63	865.75	459.92	729.40	612.01	651.13	815.29	764.21	60.26	217.83	476.62	483.13	463.21	264.96	68.22	204.81	39.83	527.64	346.23	399.86	531.57	90.92	897.43	877.45	38.07	678.11	482.99	657.14	97.45	324.03	823.13	64.08	189.78	283.06	792.49	800.79	933.18	607.77	565.00	992.44	824.61	41.62	475.58	287.82	305.58	542.80	491.63	344.41	
70.44	836.86	743.28	601.01	926.78	640.70	478.46	963.85	318.81	960.45	621.00	415.26	284.47	444.13	478.34	473.25	726.19	270.83	274.05	659.37	877.60	838.05	651.81	702.21	878.67	127.39	989.03	184.25	669.18	480.66	527.66	738.62	317.52	270.94	339.63	244.30	910.64	817.09	208.15	229.45	777.53	828.15	643.71	62.01	272.28	122.06	534.26	997.47	391.89	807.31	656.84	269.49	645.36	308.65	970.70	524.03	435.04	959.73	707.27	104.22	440.40	234.93	841.84	756.92	504.87	181.47	1.22	415.51	997.56	208.38	
643.96	775.09	36.53	287.67	836.10	307.81	408.73	370.36	305.27	799.61	177.68	961.11	69.10	822.04	269.76	39.81	346.06	703.79	998.54	53.34	807.02	438.93	287.27	648.86	195.85	791.13	829.33	196.08	206.64	826.89	403.46	849.60	601.98	438.98	137.27	438.08	745.79	545.00	807.45	51.06	344.61	984.12	12.17	412.72	806.16	280.93	451.52	152.22	983.72	450.06	204.56	790.74	888.00	490.82	439.60	83.85	281.96	268.92	278.93	487.60	95.81	681.39	337.20	696.79	120.37	473.47	134.87	865.16	18.47	941.32	
915.23	362.08	925.44	926.40	773.80	731.60	207.33	225.32	882.82	191.05	674.39	87.37	980.79	562.38	577.20	420.38	645.24	858.15	688.31	923.17	345.75	783.12	604.55	681.95	479.91	723.92	155.42	613.78	589.08	172.89	555.10	504.31	533.97	480.54	430.71	307.77	212.14	637.03	532.10	94.96	827.08	206.48	181.34	807.87	767.87	757.53	228.26	413.10	615.69	915.56	336.27	960.44	698.68	939.82	642.39	178.59	663.75	796.81	791.38	252.83	968.70	346.48	756.14	502.67	826.03	186.85	809.45	38.17	822.88	341.54	
132.13	649.97	547.03	312.47	457.84	314.89	70.00	685.09	727.00	684.69	600.66	63.27	645.13	299.34	3.09	287.52	476.93	665.84	84.33	268.31	917.67	53.04	613.79	673.81	554.71	439.82	859.65	364.16	476.99	682.54	704.70	608.12	332.50	251.73	919.58	789.34	565.62	988.58	474.43	292.62	673.27	75.09	354.89	318.40	373.43	356.98	604.92	849.37	22.81	688.25	117.68	939.48	740.28	730.47	613.29	295.00	170.28	472.94	658.15	646.27	155.48	362.85	254.38	486.98	613.58	173.97	276.32	179.20	162.55	749.75	
470.82	834.82	823.85	824.71	153.22	197.28	181.69	757.14	46.65	203.50	445.39	163.32	142.98	185.67	892.79	755.26	479.67	63.07	228.20	137.82	708.34	382.68	499.67	961.72	868.66	113.25	135.69	144.98	291.46	297.24	893.73	761.28	132.07	717.58	585.99	284.29	913.86	766.68	41.42	959.50	969.18	485.81	122.82	112.15	670.48	15.61	866.42	150.15	77.68	94.62	286.97	785.02	476.29	785.64	746.74	344.95	897.89	881.44	488.93	189.35	178.68	382.66	949.64	309.74	100.23	535.63	593.03	14.09	302.31	633.45	
972.59	271.49	119.26	95.42	382.64	788.74	110.03	249.06	937.89	186.71	342.67	224.85	970.73	817.97	10.49	717.48	162.92	907.38	598.91	650.84	96.74	776.59	33.50	46.37	86.33	132.74	581.00	678.36	145.83	882.31	311.81	118.42	153.80	430.07	212.84	535.44	218.82	321.87	783.50	156.70	507.58	126.17	380.56	478.32	943.14	390.05	195.80	106.06	297.43	793.71	755.90	393.16	570.31	788.40	438.53	655.64	920.14	19.53	334.00	65.96	900.85	644.82	183.39	54.64	74.89	395.23	589.09	292.71	716.10	372.58	
448.41	223.68	497.76	827.97	701.00	440.90	218.01	895.80	545.95	514.44	689.51	301.85	906.60	259.82	90.26	345.14	914.46	10.39	363.67	248.46	75.36	264.52	892.28	257.74	318.16	966.18	651.97	906.25	258.88	368.07	278.83	706.29	590.75	775.59	534.26	291.75	216.49	751.27	187.55	761.44	265.71	876.07	63.29	172.31	135.89	152.55	516.45	50.35	161.94	879.12	297.81	236.30	143.64	190.09	493.04	460.80	156.27	145.02	367.04	414.15	512.08	644.88	120.45	102.84	420.46	653.71	393.59	635.95	404.98	580.14	
397.39	669.69	456.21	459.68	841.00	591.10	611.23	357.45	640.44	772.17	236.57	937.26	8.47	379.21	127.35	500.52	839.01	282.62	644.53	206.05	695.77	156.62	849.92	815.22	258.45	270.39	468.93	651.04	905.34	872.91	231.18	302.73	542.60	686.39	761.41	383.60	277.49	372.64	740.06	916.93	144.81	975.63	854.19	152.28	354.84	980.54	651.80	193.84	263.16	296.33	398.89	957.93	451.95	248.82	773.15	709.40	518.21	242.08	360.44	423.55	114.99	590.63	725.27	656.59	277.02	486.68	40.19	553.51	858.31	779.25	
470.44	3.12	754.88	324.63	154.40	109.72	305.17	805.20	302.57	567.33	101.53	700.46	525.27	552.48	948.28	298.42	261.88	466.49	539.50	621.32	889.03	653.49	211.95	614.30	310.08	487.97	100.98	349.28	41.48	958.29	128.53	510.92	960.42	882.41	834.56	114.82	991.13	139.73	919.02	293.70	706.07	20.55	993.16	231.33	572.03	941.44	528.75	832.91	407.93	68.25	454.23	296.96	720.75	665.18	910.26	30.83	153.14	11.24	379.11	193.62	968.53	506.64	703.55	928.95	389.05	538.10	43.77	380.18	676.84	961.79	
672.88	382.90	981.34	666.04	613.24	553.38	607.48	141.99	386.28	15.41	209.24	839.51	311.37	928.99	504.69	221.63	958.81	656.83	231.87	337.92	849.46	200.40	843.56	553.00	129.35	232.61	91.11	172.13	611.79	766.94	133.92	284.68	149.84	115.26	949.72	762.08	667.64	557.21	903.07	53.92	571.62	112.31	892.44	881.99	41.29	397.13	103.61	999.11	53.96	334.48	337.03	902.42	533.89	180.59	455.42	662.24	412.20	545.53	833.37	23.99	312.47	966.28	307.67	461.31	81.55	257.39	223.39	748.19	813.59	126.46	
801.11	385.21	237.77	693.54	267.19	278.06	90.67	369.81	277.17	143.63	703.29	613.20	46.05	237.18	792.79	500.47	898.42	204.98	45.99	731.79	227.97	357.46	698.07	534.64	817.78	778.62	791.03	41.17	526.80	604.62	166.63	327.91	988.83	403.40	21.46	256.02	680.46	111.13	624.83	956.63	253.76	328.12	569.83	298.81	564.30	362.61	798.28	462.72	566.60	843.27	194.51	793.57	200.74	891.58	328.21	18.51	670.20	119.24	58.68	197.00	722.86	224.31	523.92	711.68	626.70	544.37	966.71	307.16	654.50	591.54	
263.79	907.27	918.66	832.61	206.08	482.96	195.23	4.35	944.69	760.83	846.63	139.19	554.40	47.36	30.77	881.61	64.87	699.97	999.85	122.55	895.97	722.70	345.86	419.89	434.38	971.56	963.26	401.09	278.72	617.77	991.63	541.51	525.03	910.29	374.13	730.11	393.25	568.35	733.46	337.94	329.18	580.09	476.13	882.58	626.45	505.91	764.19	690.32	205.88	764.03	811.87	101.85	486.73	157.73	520.74	920.12	129.29	484.00	321.21	407.02	101.77	312.84	947.53	625.81	223.13	321.66	355.91	615.38	889.01	89.38	
952.32	218.19	668.46	428.45	100.77	294.91	933.35	863.95	984.23	139.23	627.99	796.11	240.08	114.72	952.84	759.82	34.84	82.13	243.82	355.05	488.15	344.60	666.89	435.68	969.40	889.01	756.34	325.31	504.39	645.35	413.69	456.71	862.54	82.15	884.16	962.30	376.07	817.51	826.26	360.30	955.74	454.25	156.41	195.82	567.97	109.25	954.64	601.81	190.38	198.47	955.86	677.54	542.06	622.75	113.22	511.46	511.76	868.56	835.78	16.16	513.90	249.47	471.87	376.44	330.62	356.03	338.74	705.69	173.54	165.00	
65.99	129.28	618.25	221.40	324.11	186.21	329.65	278.75	787.02	519.03	476.21	742.89	196.57	18.28	365.64	308.79	528.74	876.40	177.35	364.51	891.56	690.25	612.98	363.43	66.69	942.60	718.45	404.43	648.29	890.99	568.43	713.28	20.28	186.68	933.68	343.38	371.90	263.33	621.13	158.92	781.37	97.35	900.81	976.94	114.62	266.44	285.73	642.36	142.84	462.08	6.87	34.40	152.33	618.85	396.82	218.02	561.45	115.28	621.45	209.74	6.27	189.88	922.02	25.54	375.57	855.70	367.93	746.46	119.03	988.06	
904.38	899.40	85.40	805.19	876.34	199.02	71.63	162.07	840.38	213.47	623.15	846.25	246.87	774.47	465.10	642.70	991.49	26.55	756.97	612.94	235.29	762.24	801.82	157.31	786.79	177.39	13.01	154.71	922.85	131.05	142.77	827.23	30.45	227.18	632.42	905.79	425.20	703.05	67.86	265.58	915.53	690.01	111.84	162.40	464.48	575.94	804.10	455.97	601.49	561.07	68.91	835.78	323.31	869.73	992.09	110.10	47.12	5.10	263.82	968.97	135.15	405.59	796.20	164.60	631.76	428.62	70.39	56.96	131.68	137.25	
321.54	47.20	826.27	432.38	208.60	290.75	8.32	12.70	745.72	608.81	572.77	813.64	444.59	895.08	683.37	436.68	5.18	729.49	440.79	268.00	698.47	574.94	672.58	494.67	738.53	304.35	922.29	807.92	360.31	53.97	944.18	680.85	100.17	770.44	113.23	307.77	61.19	120.55	319.47	805.92	728.36	891.23	619.56	172.95	786.31	302.93	608.64	790.49	32.42	49.43	58.49	729.89	623.36	730.08	224.56	361.90	34.42	146.85	169.82	393.73	199.82	113.99	74.59	298.99	883.44	186.82	605.76	943.63	306.38	924.22	
749.55	34.74	815.46	369.11	206.69	601.77	671.03	814.33	392.26	702.45	862.76	449.76	432.34	486.12	179.83	655.90	847.02	213.26	801.75	16.84	605.99	1.57	129.83	679.58	299.55	13.27	865.40	904.31	955.90	171.78	828.54	705.45	205.52	643.99	74.55	411.21	245.76	744.59	225.55	637.03	447.04	88.31	86.78	878.38	573.43	265.62	534.28	420.45	477.87	336.03	436.29	83.86	336.59	565.12	762.44	635.15	577.39	627.85	539.46	533.29	798.63	368.00	238.74	4.15	11.99	312.29	414.36	256.75	56.88	638.90	
892.78	502.92	726.21	978.56	381.30	299.64	244.18	914.58	719.09	721.05	250.61	155.38	803.91	586.20	719.50	566.36	221.35	296.89	194.21	759.81	829.18	991.84	127.81	67.92	994.98	138.80	379.21	409.34	394.55	435.09	48.25	287.33	937.01	773.46	265.89	318.31	73.10	509.07	232.89	791.19	230.12	482.50	945.57	34.03	68.70	665.07	599.39	289.06	960.96	792.60	48.87	790.14	784.43	175.68	857.06	779.42	313.48	236.27	188.76	707.03	670.35	236.01	993.36	607.36	9.47	259.26	924.67	81.57	767.33	157.56	
871.76	996.45	639.06	817.33	30.48	706.76	482.40	628.88	994.82	443.36	421.47	43.68	233.50	205.91	218.36	90.55	984.33	530.84	325.82	173.09	237.87	995.17	408.10	231.24	602.53	416.56	489.50	527.20	497.13	256.82	683.76	368.89	253.27	322.82	186.22	282.76	29.58	667.61	910.63	24.39	110.97	332.11	67.08	343.47	537.01	284.44	433.02	521.34	814.29	757.83	693.43	52.16	753.00	101.52	282.40	355.53	517.09	770.89	881.73	14.22	27.72	565.49	382.11	279.99	887.31	567.32	561.75	915.89	234.94	472.38	
939.28	344.91	803.49	6.36	687.37	340.50	289.80	120.39	860.84	104.09	877.22	554.27	155.25	630.23	654.80	436.64	984.76	171.88	207.54	866.49	185.10	234.25	431.98	566.21	513.24	319.29	133.54	74.99	235.18	367.48	546.37	174.46	711.38	349.86	179.82	398.76	689.36	468.62	518.15	550.20	571.71	395.37	104.47	725.96	25.60	758.27	162.60	10.36	929.15	369.14	875.85	114.26	602.40	307.83	679.47	115.64	626.13	812.01	189.63	860.30	179.49	735.00	34.76	889.87	84.86	213.58	288.63	773.22	681.21	805.77	
323.42	252.92	201.15	426.89	977.88	225.75	185.16	140.48	235.10	114.32	508.63	110.95	227.57	111.02	417.79	906.05	225.66	43.91	718.06	414.29	903.22	896.54	149.30	936.98	786.41	233.16	150.57	75.04	6.38	830.78	879.81	328.80	83.70	80.96	754.69	61.58	305.70	938.85	201.06	539.81	53.17	708.69	649.76	279.75	818.71	67.55	185.79	44.37	110.46	902.85	457.67	13.68	799.39	605.97	949.66	585.80	838.12	100.23	659.84	843.50	930.01	539.65	172.30	13.70	619.61	925.99	74.28	924.31	864.85	274.34	
464.12	917.02	982.03	113.88	196.76	800.74	180.43	381.55	844.11	289.89	284.40	301.78	302.57	83.79	906.75	252.23	668.59	744.87	351.46	328.43	588.37	281.47	867.08	759.67	294.17	486.69	685.66	367.45	411.00	550.51	640.79	874.11	467.52	622.81	986.99	663.29	423.55	167.42	44.84	267.66	456.31	328.24	568.44	757.88	411.03	475.19	10.11	79.62	220.06	360.58	407.05	807.43	641.05	274.13	567.10	934.22	759.82	252.76	301.67	170.81	802.27	941.45	44.93	269.79	564.27	31.92	932.07	986.82	198.34	975.91	
254.48	653.65	304.16	821.92	411.53	714.19	297.11	420.64	792.81	516.17	780.22	199.87	323.60	421.27	473.00	889.70	355.48	232.82	142.46	656.15	402.63	943.73	597.60	446.55	213.52	161.87	477.47	145.59	148.68	674.81	121.51	402.16	328.45	424.66	224.08	738.98	138.85	520.20	159.62	930.66	36.37	938.83	130.53	358.98	360.10	602.53	248.68	714.58	834.34	390.14	370.73	236.97	333.87	967.33	682.52	546.39	129.20	159.99	690.98	276.88	833.80	811.49	678.04	162.25	236.15	901.13	900.22	374.00	421.33	59.84	
