70
70
28
242    121
285     85
 86     17
450    135
 33     13
249     74
 31      6
201     40
176     88
 95     19
161     64
183     36
218     43
119     23
394     39
 57      5
410     82
157     47
182     72
242     96
388     77
433    129
107     32
389    116
158     63
195     58
220     22
242     24
329     98
184     92
199     59
 70      7
 63      6
305     30
313     62
 46     13
132     26
215     86
208     62
319     63
 77     30
271     81
 93     37
320     96
181     36
241     48
332    166
 83     33
123     12
332    166
135     13
232     69
 57      5
197     59
 40      4
323     32
126     50
105     42
308     92
333     66
131     39
455    182
 85     17
 58     29
233     69
230     69
 74     14
221     44
110     22
 89     17
778     49      492
417     55      216
404     85      360
174     31      630
672     70      277
665     76      467
769     54      549
871     44      350
638     93      220
990     65      582
637     99      613
712     29      203
774     54      334
426     18      354
490     50      204
431     57      560
786     31      631
955    100      636
955     28      571
530     65      450
379     22      541
727     40      253
800     84      629
609     93      425
100     10      512
953     39      680
167     42      579
567     38      482
331     36      450
710     44      664
745     95      562
582     81      488
789     56      427
917     85      468
257     28      665
963     41      250
837     43      234
573     23      259
881     62      647
369     55      501
681     63      641
211     77      559
282     41      504
281     98      274
264     51      213
829     60      508
329     85      381
439     23      390
540     75      444
157     85      251
998     10      640
827     49      531
403     50      304
163     22      314
481     68      255
757     26      362
951     51      294
799     42      381
843     61      390
944     66      290
872     87      344
312    100      251
478     20      578
514     82      317
302     37      520
308     94      288
285     46      367
429     33      300
730     58      347
761     51      313
793.03	57.43	586.99	927.47	821.99	616.52	587.63	314.26	942.59	161.42	10.49	891.58	822.67	25.50	845.01	339.93	687.89	379.26	401.50	9.28	758.95	686.21	604.23	702.27	749.40	469.46	599.61	630.52	674.04	42.76	420.17	467.07	99.19	7.16	394.54	920.17	622.68	981.17	234.43	565.27	142.60	243.92	456.84	964.27	268.42	301.85	304.20	955.31	680.12	704.71	963.59	439.06	390.92	567.82	141.33	140.31	37.28	739.94	769.84	710.32	781.69	190.01	177.39	879.88	196.17	570.93	800.05	817.85	552.11	34.49	
383.12	693.70	277.41	838.96	657.98	544.83	140.81	961.18	500.14	819.93	665.88	463.73	259.00	56.80	31.55	399.32	196.11	67.83	139.26	964.95	777.15	919.96	154.96	953.54	799.84	350.13	524.47	599.89	167.98	76.58	633.38	550.10	769.29	909.79	389.05	427.26	454.63	528.87	388.44	953.77	348.80	54.32	417.50	606.79	110.12	448.05	6.12	305.24	514.88	144.38	270.19	292.03	64.34	424.15	245.57	863.18	773.28	769.04	463.07	940.26	844.63	96.45	490.35	613.91	6.24	878.41	41.17	459.87	407.27	428.61	
413.64	755.07	481.93	830.13	361.86	591.05	278.18	366.98	895.29	792.06	510.36	165.48	84.09	573.69	588.62	328.65	436.87	361.90	97.70	898.94	302.16	941.32	994.39	791.51	555.23	999.64	669.92	595.41	459.50	77.19	24.02	872.14	831.26	504.95	702.27	193.12	96.00	979.46	559.09	990.29	771.51	69.45	155.77	854.60	642.14	743.40	183.25	79.01	105.30	279.95	976.95	406.46	221.27	971.34	197.97	775.51	970.98	866.89	370.91	430.48	943.08	393.93	302.63	774.34	897.88	4.90	966.46	992.88	983.36	525.55	
983.18	754.87	594.00	138.95	609.47	236.14	881.34	791.72	314.15	985.64	71.67	291.10	392.10	291.95	262.45	589.07	67.45	233.43	455.96	437.37	662.91	399.04	830.30	964.54	173.38	728.18	968.44	139.84	721.06	951.79	664.39	704.24	706.66	258.39	842.19	316.13	493.53	723.54	107.85	806.68	709.18	178.52	97.78	101.28	469.46	359.23	689.35	535.92	591.66	145.31	972.29	254.57	543.35	802.59	219.10	715.73	530.77	187.54	854.57	251.83	139.33	518.96	955.08	845.00	776.35	797.27	161.12	269.88	520.80	267.97	
76.56	229.98	445.49	173.34	330.26	913.96	531.57	19.61	449.88	123.22	163.91	422.16	376.79	706.26	224.75	594.90	421.99	754.52	781.44	276.56	6.35	919.77	794.52	960.43	764.77	570.87	757.70	924.89	839.75	278.50	192.86	915.30	507.48	637.35	88.64	836.74	551.31	619.21	855.35	1.18	741.43	19.26	422.35	118.22	724.53	646.10	712.12	146.52	400.62	493.56	422.09	405.98	413.33	216.61	366.41	178.09	786.48	124.10	102.98	626.23	401.60	294.85	541.53	908.09	931.20	629.17	744.83	482.51	248.38	600.18	
482.69	988.81	618.44	904.04	107.03	342.96	550.14	818.15	488.49	949.77	311.71	909.57	355.74	724.03	126.18	721.15	901.13	911.66	844.25	4.11	537.89	245.86	297.96	79.42	153.94	229.16	707.59	897.77	710.67	954.97	497.95	193.36	943.78	116.38	97.40	50.81	458.35	646.55	867.96	945.83	596.31	179.67	855.40	951.05	902.70	980.58	672.20	803.83	892.24	516.45	806.94	430.13	761.31	104.89	508.55	914.25	333.05	216.14	812.02	43.71	171.10	309.97	236.07	114.88	425.35	332.48	164.69	882.70	978.02	32.65	
828.54	574.34	211.32	683.94	525.39	114.02	664.53	197.59	916.85	556.77	713.05	723.79	985.90	474.36	827.68	494.45	388.61	160.73	709.58	200.63	203.45	879.68	509.60	438.52	993.56	933.95	770.00	158.25	816.66	748.02	189.90	645.20	322.36	400.22	329.14	846.75	513.25	992.66	44.34	430.10	549.43	756.39	153.89	535.33	230.75	980.57	29.77	618.36	141.30	738.35	817.99	343.74	618.04	327.59	781.27	611.60	261.55	551.26	768.85	78.20	299.29	957.75	722.40	620.64	357.98	51.54	467.39	870.22	44.20	510.74	
300.32	592.63	267.13	453.21	127.95	496.88	433.77	156.73	115.24	574.07	894.08	932.23	916.82	512.12	259.82	698.08	123.71	520.37	249.35	891.56	597.57	547.63	849.32	319.97	168.28	207.29	370.51	634.67	77.51	413.70	145.41	376.84	6.33	411.54	829.04	133.28	907.42	262.82	289.01	22.67	835.89	183.09	953.90	752.70	694.21	213.72	450.79	816.92	733.09	699.13	708.48	330.66	246.76	557.80	649.63	414.04	764.09	20.14	48.71	840.60	432.84	193.12	217.44	438.17	603.66	46.48	570.45	511.09	308.30	858.46	
532.75	144.18	41.55	486.65	895.89	734.76	699.37	346.68	551.68	432.46	45.81	260.16	762.12	291.57	816.96	411.76	704.61	581.05	430.89	752.32	421.65	862.73	944.44	638.09	300.90	548.10	683.57	870.35	59.19	990.87	728.81	590.94	135.05	769.36	77.59	30.94	504.12	775.96	376.62	55.80	208.43	421.42	314.96	969.55	712.00	131.92	381.31	416.61	711.97	811.20	168.93	133.62	673.93	113.38	770.71	973.83	660.48	454.28	844.18	718.67	445.15	573.00	309.61	579.20	342.36	386.20	609.15	845.48	162.17	984.76	
900.28	369.60	406.19	215.24	339.15	118.18	346.16	719.46	533.79	58.12	530.66	701.73	190.74	204.59	814.10	960.45	178.43	474.58	414.73	22.61	193.26	858.88	594.61	501.87	438.09	935.97	887.07	47.23	781.44	49.24	32.00	681.72	417.84	437.18	895.96	755.99	554.37	242.11	475.45	88.16	299.24	6.11	788.89	488.97	209.70	602.99	449.42	387.13	77.58	863.15	408.74	269.83	722.04	3.35	770.70	160.13	938.31	657.77	206.36	719.75	706.01	237.35	401.48	123.85	673.54	297.43	878.84	227.90	538.55	354.29	
315.06	836.78	359.39	103.95	325.76	568.09	705.94	774.18	954.22	782.52	637.33	362.96	52.35	359.37	365.30	822.05	518.50	303.61	479.82	723.86	23.37	185.84	960.21	423.84	308.69	633.75	720.28	187.53	860.65	258.83	540.82	175.71	95.61	899.21	278.66	420.37	467.30	983.61	194.55	421.52	766.12	830.88	783.47	817.48	190.26	148.77	639.53	707.75	451.39	119.35	431.61	473.75	304.19	391.82	896.60	611.88	25.57	616.87	798.41	885.21	874.70	339.22	60.93	969.31	238.43	338.59	389.68	704.73	322.19	583.23	
126.24	88.32	414.11	908.72	904.80	603.37	57.49	544.32	311.12	507.87	662.68	741.73	980.63	965.86	133.54	877.22	577.74	158.11	494.10	376.15	43.33	368.80	714.37	103.25	338.11	951.79	440.84	726.78	656.52	762.04	310.01	781.76	849.36	723.13	690.48	754.15	326.49	746.97	298.48	636.61	254.84	960.15	378.34	235.47	926.02	510.88	112.69	503.76	667.99	605.79	878.90	710.32	973.58	593.27	812.57	311.69	545.06	253.41	38.47	201.58	15.45	347.49	982.34	863.81	70.61	672.82	617.96	396.10	419.79	915.43	
32.71	673.63	875.59	410.05	908.10	801.60	919.94	20.79	305.36	587.93	625.58	184.26	298.25	599.16	776.53	110.82	909.84	321.59	363.23	947.32	522.17	377.68	294.80	504.51	241.49	364.41	177.33	858.44	759.52	596.12	773.88	791.23	269.75	649.47	201.28	177.85	451.07	121.22	197.64	755.43	708.15	822.21	938.69	6.40	421.37	715.22	116.22	331.22	36.81	478.45	278.53	557.97	855.13	572.33	62.49	96.62	935.75	238.82	954.06	695.26	833.94	727.94	486.49	103.69	377.41	686.77	280.54	827.48	806.99	477.18	
582.91	515.14	299.39	521.60	520.54	719.76	236.81	635.76	50.98	272.62	114.20	328.51	829.60	968.33	899.84	891.08	64.95	835.59	129.90	19.01	530.85	962.84	745.95	17.34	66.53	123.36	703.12	346.07	949.84	510.11	822.25	532.74	25.25	121.64	54.34	544.79	840.40	290.16	180.55	890.37	561.78	293.75	218.88	391.37	262.09	118.72	282.45	326.04	953.31	411.36	344.05	484.16	374.20	90.01	500.51	439.73	212.37	203.62	784.80	162.21	712.73	607.05	693.95	736.98	727.69	747.29	281.77	568.09	37.45	461.32	
458.47	598.22	754.07	676.35	988.60	16.16	794.07	271.05	341.19	747.39	681.41	684.25	231.55	55.60	773.25	731.06	494.34	984.62	933.68	279.14	146.82	646.41	885.19	839.78	383.39	612.88	587.07	664.17	180.97	623.51	125.49	638.44	221.74	878.56	314.79	210.33	893.71	108.86	480.38	234.91	855.25	161.79	918.15	86.80	216.39	691.40	816.85	709.73	676.02	750.53	987.87	821.85	396.95	873.06	661.62	779.34	485.94	248.69	443.51	665.92	871.20	567.99	304.36	92.94	446.55	618.14	302.27	340.27	726.01	781.66	
574.17	581.25	942.44	492.33	667.05	158.84	183.73	483.91	867.57	858.75	234.44	855.44	680.60	630.38	728.50	342.22	409.72	214.44	589.91	852.23	879.36	461.12	420.23	183.71	553.06	865.78	800.86	854.33	206.05	526.86	635.98	779.22	108.12	578.43	271.54	774.17	736.27	454.27	258.07	603.83	313.03	491.51	459.27	992.63	121.90	187.77	334.85	530.62	401.20	923.76	382.85	280.56	384.88	802.08	463.27	936.93	667.86	264.13	791.26	872.90	789.99	427.24	652.12	897.11	5.67	922.67	671.27	740.94	376.94	928.35	
344.77	688.97	419.86	803.04	681.59	540.75	989.81	16.44	71.37	391.01	939.21	453.23	670.58	324.08	255.31	133.85	261.02	922.17	396.98	52.28	795.07	186.97	478.52	447.19	84.08	483.19	369.86	754.35	224.13	745.80	682.70	567.91	434.77	102.55	370.95	116.36	642.30	360.76	131.81	712.68	750.78	71.01	165.90	421.35	394.10	420.21	554.20	654.11	342.37	950.18	705.39	137.44	137.15	183.91	583.64	220.23	666.10	952.50	973.58	889.24	698.30	656.27	457.15	133.06	757.82	827.10	248.43	400.13	187.87	379.23	
112.80	937.64	449.25	277.71	359.00	842.34	696.92	912.20	496.46	39.29	862.38	201.84	175.74	998.53	384.75	758.37	218.75	50.86	710.87	192.33	939.10	409.17	847.60	396.24	541.23	605.42	223.34	788.66	5.55	410.21	167.89	117.35	347.85	616.14	394.06	705.85	458.48	90.98	618.05	953.93	129.27	480.43	155.78	304.01	478.96	539.53	62.38	696.72	589.39	772.25	888.05	528.48	181.42	735.65	923.73	721.65	341.07	147.07	510.30	345.62	556.28	677.19	461.97	903.14	293.33	855.04	608.99	750.81	945.02	227.04	
704.74	74.29	706.48	859.52	377.30	185.44	399.05	438.68	881.16	987.44	210.93	769.21	515.92	391.35	504.86	439.65	113.00	844.93	585.72	622.30	190.55	142.00	299.49	651.52	45.14	591.82	506.56	653.13	342.63	451.58	879.17	47.37	524.86	585.65	905.89	901.16	770.09	304.94	339.84	651.25	292.38	549.77	420.46	807.31	940.12	924.32	246.96	53.11	769.25	831.68	674.41	958.80	972.68	972.90	610.32	17.82	564.72	116.88	669.94	906.35	567.46	549.12	952.72	92.32	134.77	858.61	992.48	903.86	163.55	332.32	
555.11	454.93	881.09	974.58	262.24	821.20	898.90	508.19	873.31	668.14	339.87	547.72	626.94	312.55	520.63	237.27	329.36	85.35	353.15	998.31	990.69	919.61	547.42	943.41	11.93	681.19	802.01	4.41	585.05	964.56	335.73	140.17	419.49	216.81	114.74	680.73	38.01	13.64	188.92	910.33	680.78	527.79	458.05	307.73	839.33	977.68	543.99	168.70	63.02	896.14	167.00	53.71	815.74	713.43	996.12	826.67	394.62	798.14	830.08	978.67	762.70	165.81	118.83	182.19	381.62	232.58	861.92	418.63	245.21	50.83	
328.96	925.00	577.62	786.01	232.72	416.95	763.69	775.71	584.65	825.71	671.85	750.65	878.42	487.60	464.08	874.54	314.27	857.70	672.68	144.35	836.36	435.38	309.16	954.20	616.57	689.77	186.77	478.48	108.41	430.99	528.32	436.36	355.98	105.94	222.37	587.70	521.89	985.06	363.42	106.54	810.77	35.27	856.19	689.19	521.86	320.27	563.73	835.13	177.96	236.41	978.48	14.33	670.79	287.64	967.52	287.35	976.41	154.30	764.84	84.82	584.28	293.15	520.18	939.27	398.09	741.55	526.97	918.98	726.61	889.39	
25.51	537.38	923.65	880.70	226.56	445.51	200.96	789.29	280.64	377.93	25.70	259.12	391.25	695.49	545.76	358.78	981.85	522.17	512.07	746.68	605.98	96.36	39.83	126.16	35.62	436.92	866.72	561.59	355.90	593.33	450.98	380.41	130.71	374.63	261.11	356.27	819.14	461.07	145.57	99.79	838.00	170.27	357.91	229.25	864.76	902.67	587.03	846.61	424.84	99.10	593.29	30.82	194.45	632.13	155.99	229.08	69.05	22.71	789.67	423.94	615.04	240.65	803.35	744.74	614.28	64.46	101.01	433.42	524.53	245.58	
532.21	362.53	414.85	889.12	590.78	279.61	791.79	177.80	126.22	216.63	275.90	718.51	246.46	469.35	350.63	401.44	697.43	418.68	423.15	487.10	841.63	38.19	726.75	644.98	781.93	341.03	708.44	881.94	773.45	232.97	127.52	305.66	594.50	541.37	194.78	185.27	819.98	985.57	362.07	945.19	202.21	636.97	663.70	447.66	106.33	14.33	848.10	802.76	432.01	271.26	289.86	273.64	308.44	16.61	917.62	90.37	356.64	626.05	971.31	130.09	858.02	98.83	434.75	452.52	639.20	628.53	636.79	459.17	614.11	997.86	
404.36	815.31	634.83	68.06	262.97	740.16	81.40	111.08	542.92	512.41	381.33	831.78	785.05	688.77	847.39	702.66	778.14	204.03	328.72	749.45	333.12	186.74	847.28	766.87	638.26	486.48	395.41	275.04	944.65	9.51	272.90	349.02	823.83	906.74	416.08	86.80	646.90	496.48	196.87	189.82	8.89	577.21	21.60	792.93	265.98	867.99	495.60	44.12	72.02	823.31	792.58	404.14	10.05	639.86	171.01	647.31	126.34	565.42	921.35	70.99	573.93	194.26	419.01	397.76	100.99	834.09	483.55	746.89	330.56	679.43	
935.71	338.45	256.64	956.30	131.39	521.62	824.29	625.98	564.74	895.31	449.30	357.31	299.45	458.35	996.17	469.46	105.66	122.51	34.88	27.01	192.50	607.81	220.27	610.51	5.57	320.26	444.60	488.12	67.15	774.16	167.55	2.86	112.61	423.18	958.16	243.00	943.80	782.45	867.98	508.54	677.76	317.28	864.85	976.20	774.63	861.02	445.67	879.29	982.54	479.54	905.30	175.04	87.35	125.57	784.55	91.92	444.83	229.15	579.04	510.98	3.31	745.58	512.84	114.92	168.77	471.00	356.92	112.56	253.45	224.90	
620.10	930.20	541.18	484.95	906.41	315.81	345.97	352.07	195.10	328.51	830.62	100.40	502.55	916.97	224.97	287.10	8.89	668.80	515.25	586.93	179.78	517.56	332.51	691.62	631.49	500.28	162.62	987.41	611.84	415.06	212.31	231.94	345.26	752.49	715.89	251.67	68.30	61.87	602.74	262.40	389.38	433.36	361.80	890.93	350.33	585.77	178.03	358.22	254.57	692.28	944.15	433.35	209.85	276.66	124.97	840.33	775.94	286.58	827.74	387.78	700.64	40.05	618.72	45.91	791.54	334.61	296.57	858.85	395.48	898.32	
121.25	783.86	331.68	482.05	674.79	681.01	67.82	851.82	39.23	321.39	544.11	982.38	753.74	752.95	259.04	877.71	593.29	34.98	164.29	421.03	421.76	863.93	460.07	40.48	908.84	251.62	374.10	205.41	110.46	768.58	103.73	230.71	552.44	434.40	711.76	227.23	115.41	778.58	79.05	153.64	99.98	622.16	136.01	852.71	375.12	394.05	730.42	967.40	428.03	893.71	388.43	848.79	757.64	847.50	888.27	666.47	99.12	262.37	870.88	208.58	30.95	973.61	438.29	582.39	408.01	150.05	808.62	522.42	927.64	886.67	
675.06	27.61	508.83	810.08	879.33	882.94	204.13	609.75	850.34	631.16	503.46	238.77	479.95	261.10	86.27	368.22	926.57	184.39	629.59	797.45	391.97	659.54	771.06	829.26	241.93	179.08	978.32	50.54	700.50	905.95	936.21	375.56	932.57	445.04	185.64	811.90	327.98	388.76	421.65	178.32	19.92	924.10	416.09	498.87	185.20	501.36	866.09	111.77	684.75	495.68	908.22	76.72	155.22	679.28	904.99	396.15	857.36	883.30	445.69	557.86	789.26	381.90	932.42	721.83	825.94	118.05	533.72	153.91	505.82	954.37	
331.24	524.74	878.48	746.33	23.61	63.68	247.69	888.71	174.45	931.45	384.39	82.67	8.17	538.61	760.95	912.16	933.76	618.31	795.46	379.45	176.16	584.72	760.35	108.58	306.54	586.29	225.63	839.27	739.20	730.45	793.64	70.44	255.19	672.12	815.77	277.81	734.79	63.46	166.51	908.24	993.91	549.90	989.90	2.08	88.52	750.85	913.24	22.28	369.16	708.70	400.73	544.32	293.42	161.09	651.90	598.96	746.38	876.53	438.23	485.58	606.98	231.87	555.02	861.17	902.99	370.79	138.98	637.78	433.25	304.49	
546.02	427.16	853.39	535.92	428.24	940.91	286.78	341.48	962.19	654.94	50.18	362.93	199.25	342.60	523.01	850.15	940.56	269.39	726.68	378.79	753.97	333.66	609.66	308.99	194.83	512.65	678.77	332.81	150.43	112.02	636.30	695.45	538.18	489.69	231.37	965.42	430.60	517.15	306.90	392.79	172.09	356.09	754.71	370.34	697.69	277.73	220.49	638.25	546.12	946.18	17.04	300.08	279.84	625.70	608.07	473.67	138.35	286.84	805.48	287.79	397.87	441.78	982.24	935.04	930.47	213.61	900.47	361.06	729.76	207.37	
752.85	900.85	562.45	507.57	271.19	260.14	784.30	490.68	897.39	330.41	436.86	913.43	629.50	715.70	539.14	237.57	189.37	676.49	523.41	993.86	963.28	920.28	435.63	945.51	855.32	366.10	159.12	755.79	726.16	887.88	962.16	479.02	788.73	524.61	985.59	59.92	783.75	769.88	549.61	681.14	100.29	985.47	594.57	728.79	701.17	133.71	965.36	889.55	809.20	488.77	883.40	772.48	409.04	319.04	717.99	264.36	684.14	876.12	20.15	410.30	764.00	981.31	888.32	552.73	505.92	873.90	611.66	289.67	643.78	161.26	
969.81	743.08	146.73	564.38	471.87	846.91	697.10	437.22	736.45	506.30	924.99	619.86	278.78	334.03	937.89	995.77	597.40	622.03	871.88	616.55	32.33	635.88	597.86	919.64	188.62	103.78	793.55	799.27	392.45	437.33	959.54	362.26	180.41	106.27	925.64	651.28	952.18	622.74	88.50	688.63	129.04	13.49	308.49	406.81	346.52	246.38	402.58	942.92	867.41	274.47	559.47	898.73	909.35	157.33	818.38	97.97	260.10	611.92	896.24	651.55	49.26	855.78	13.81	228.66	961.05	938.45	878.94	913.23	561.19	966.44	
601.86	689.22	978.92	909.35	96.04	325.45	155.73	497.62	268.36	23.13	771.09	826.83	920.87	680.44	983.16	739.24	777.41	243.26	351.17	673.65	893.81	399.42	529.43	906.62	627.09	490.48	845.07	506.03	403.71	406.26	472.46	5.57	95.48	451.39	913.92	190.52	775.83	69.64	687.14	44.20	91.78	458.23	870.03	12.64	138.66	853.19	750.89	915.07	96.45	102.06	588.72	989.27	500.48	118.15	895.88	127.57	607.63	740.95	632.60	11.34	147.21	105.06	15.91	241.70	555.45	928.82	431.22	331.29	997.47	118.36	
374.48	89.24	575.59	244.52	100.89	713.25	97.71	850.78	628.32	193.16	951.83	217.03	182.43	452.32	334.18	78.31	578.89	940.81	818.27	211.48	951.14	964.48	315.55	966.05	206.18	870.00	894.87	636.40	201.28	892.34	753.76	574.77	980.58	329.34	818.28	81.47	42.59	914.99	931.24	669.91	108.15	883.08	885.94	289.58	335.39	220.12	366.89	913.28	160.93	185.16	124.76	112.07	149.64	439.31	78.12	354.81	309.30	971.99	990.21	509.59	864.32	743.97	84.35	844.90	73.31	901.64	925.37	114.89	816.63	856.61	
783.80	923.78	739.69	669.74	213.36	75.08	888.86	579.26	987.36	49.78	763.41	112.13	160.85	912.05	550.44	237.97	266.86	858.74	209.96	257.08	368.33	74.28	1.04	451.68	918.18	73.35	353.32	843.55	187.24	169.95	700.16	970.04	93.74	439.85	639.78	306.10	513.93	528.64	884.36	501.29	577.42	647.77	612.42	737.27	559.82	162.86	974.24	825.68	21.60	184.20	82.76	388.92	257.48	82.80	839.61	175.65	155.15	192.93	19.20	341.39	361.88	718.36	311.43	454.62	158.20	950.21	759.72	671.13	478.84	644.08	
172.42	56.26	291.84	783.84	792.54	850.66	945.70	766.78	676.35	966.29	949.98	758.11	355.22	207.45	839.91	194.82	382.11	994.06	386.75	400.31	335.45	747.63	118.66	645.88	202.25	275.87	596.08	960.96	946.00	74.93	605.04	118.42	130.19	895.88	901.26	921.73	746.55	846.96	688.51	422.90	813.26	638.49	181.01	168.47	844.94	20.92	362.29	227.05	14.98	748.04	626.35	349.43	495.67	744.02	994.30	696.92	19.88	590.39	657.88	964.88	664.32	262.92	83.30	793.51	158.80	983.56	715.24	904.35	830.53	403.75	
327.25	643.78	42.24	507.26	811.25	886.17	527.18	173.55	113.22	541.16	920.59	738.57	889.59	416.27	482.59	883.89	113.18	501.47	474.28	770.07	466.35	138.59	32.99	548.64	931.10	190.79	532.21	646.34	95.15	362.73	50.09	421.40	6.52	91.33	927.66	816.77	976.50	454.84	989.32	89.72	995.00	909.91	827.30	884.59	326.18	309.88	768.47	438.37	810.35	242.75	208.43	276.70	380.35	240.42	824.34	311.45	430.21	356.55	956.80	524.36	718.28	6.89	944.76	723.80	97.22	872.42	540.57	73.73	327.26	529.89	
162.45	322.26	439.80	988.75	206.85	764.98	298.63	974.32	203.35	108.98	217.07	410.78	384.67	596.42	650.20	209.01	906.87	80.41	564.56	863.66	603.77	282.85	869.55	548.53	6.64	965.78	420.95	546.21	39.50	747.21	76.10	200.95	69.47	514.90	189.70	275.31	279.88	487.32	249.63	482.23	595.30	465.70	892.01	978.97	62.12	542.21	187.99	967.99	621.62	751.55	831.66	225.39	34.40	701.21	772.92	40.04	666.99	193.86	585.25	705.49	940.07	660.35	905.44	9.54	175.25	95.14	283.85	454.14	581.46	532.48	
935.37	176.76	997.18	827.38	155.74	59.31	369.58	342.72	27.30	990.20	94.28	857.95	215.59	127.68	559.16	987.51	166.72	226.15	181.37	750.97	930.64	121.45	411.32	836.07	129.98	585.58	930.21	412.83	39.71	511.67	944.31	974.08	687.43	941.49	801.46	842.17	999.80	171.04	184.89	27.09	161.24	278.17	884.05	375.83	404.84	443.21	363.34	570.56	668.36	543.72	321.53	598.99	664.16	731.86	435.07	793.15	317.44	365.28	205.98	356.15	875.95	150.29	330.23	563.38	91.78	131.69	405.54	91.58	301.72	589.44	
117.68	461.97	866.60	1.72	836.80	271.45	443.93	200.14	841.01	112.29	742.86	162.54	710.28	407.03	893.40	145.35	200.18	210.84	509.63	405.15	565.99	385.57	554.44	895.22	947.95	645.23	26.91	353.50	735.81	327.63	941.93	852.48	788.60	808.54	853.21	625.40	79.98	297.14	824.54	919.99	408.42	567.40	82.54	118.70	973.43	974.94	263.05	173.61	185.78	771.68	577.76	750.77	157.25	132.20	645.99	105.21	776.43	671.90	457.70	512.24	998.53	399.64	364.72	787.13	208.17	217.92	412.52	287.16	514.06	237.07	
207.15	921.48	803.47	288.69	40.19	776.90	263.63	302.24	949.51	448.41	73.92	527.27	199.18	230.17	658.47	844.17	334.38	434.90	516.07	791.08	946.14	514.60	190.72	310.86	301.73	397.89	527.78	713.25	684.05	41.84	949.32	890.20	962.33	752.79	178.89	2.52	529.69	441.51	303.76	479.20	888.92	376.68	6.47	88.10	605.85	663.94	931.28	939.23	98.85	447.35	730.32	44.98	960.96	920.04	354.84	262.69	317.93	881.63	974.94	1.98	922.47	924.26	891.18	884.80	677.05	70.06	886.31	206.74	510.58	190.07	
684.93	399.50	565.75	690.40	486.60	171.60	354.34	417.88	110.84	452.19	864.24	840.16	496.17	825.19	760.19	850.02	87.88	78.12	731.64	62.82	79.10	654.11	986.07	969.28	538.91	663.12	39.35	425.22	868.85	548.92	614.29	553.79	947.42	180.04	244.19	434.03	350.65	597.53	850.91	460.49	49.72	715.15	300.64	544.89	540.34	60.83	394.91	627.22	137.96	126.55	689.03	216.06	779.66	675.10	185.34	318.56	338.22	223.69	742.78	207.08	771.61	357.07	759.86	719.03	536.12	4.05	153.06	885.76	600.58	3.97	
346.25	649.30	718.12	645.89	194.19	258.45	705.72	588.09	884.67	842.68	713.64	573.70	58.74	493.30	248.80	243.08	810.86	586.03	465.77	553.65	792.10	237.38	909.72	551.97	955.42	445.83	555.02	108.48	331.60	155.60	111.45	676.84	803.90	828.56	322.73	997.09	87.01	28.45	585.18	970.68	870.13	298.83	544.38	927.87	791.13	792.18	170.96	601.99	378.21	635.73	155.64	170.31	872.11	65.36	721.28	827.53	510.19	276.30	935.01	840.79	430.90	46.45	517.63	234.80	874.01	839.36	231.89	960.03	866.82	816.07	
930.71	736.95	114.90	475.09	664.82	905.03	267.27	834.77	507.02	644.48	470.50	661.65	813.80	342.61	726.01	535.08	170.14	236.20	810.38	105.15	76.98	241.28	150.60	593.61	475.08	24.61	432.97	705.97	983.64	299.79	522.04	914.34	36.74	635.94	389.43	700.56	540.97	655.71	535.33	47.99	300.19	5.83	708.64	113.99	347.45	434.65	648.07	516.59	669.85	458.44	620.73	745.83	698.72	770.33	339.44	173.80	793.94	771.42	878.77	777.57	71.21	400.82	691.92	106.94	36.76	81.35	806.50	576.73	736.06	341.83	
623.72	36.24	346.66	332.36	149.23	693.11	766.01	796.30	209.70	435.86	254.74	829.43	181.68	952.46	599.76	520.13	126.27	393.70	291.54	5.04	171.28	361.75	404.86	862.19	467.69	440.62	942.54	274.19	17.35	678.60	615.02	640.08	713.84	960.69	971.44	862.07	653.80	737.45	658.37	862.49	173.31	912.11	691.92	353.99	864.57	291.69	873.12	989.84	684.39	164.66	993.88	854.66	525.41	398.74	716.86	992.10	838.36	659.40	266.29	854.71	338.00	880.32	494.79	51.84	841.01	466.22	912.91	494.80	203.67	571.28	
357.30	375.98	483.39	49.22	728.97	347.97	339.91	602.09	337.81	24.30	765.75	331.69	877.96	291.15	729.43	594.81	283.25	567.78	254.21	548.55	422.49	591.21	428.86	916.28	642.05	269.87	382.50	554.96	763.67	585.18	126.25	120.97	960.16	608.64	169.19	689.13	955.61	508.10	291.21	293.42	531.40	56.96	624.11	409.36	347.11	353.53	4.17	629.36	920.32	257.38	177.91	342.81	847.59	605.77	259.09	489.64	874.64	640.59	44.60	638.32	225.77	169.85	758.29	185.92	777.49	926.48	874.05	733.09	434.58	165.26	
26.51	964.98	221.22	649.62	374.34	567.33	3.16	377.51	196.69	922.47	633.89	373.60	265.28	481.48	978.38	523.37	970.12	853.02	163.96	14.71	491.33	388.73	183.56	249.62	573.65	960.05	176.10	447.70	693.14	609.69	611.96	718.65	574.67	832.18	368.27	948.01	399.51	370.43	325.52	595.20	292.90	958.41	967.80	557.19	439.89	946.18	80.56	410.00	799.20	243.52	423.72	290.53	631.25	606.28	539.15	204.90	566.32	714.25	651.60	259.46	323.94	263.56	977.12	897.61	95.74	345.39	845.62	494.25	714.82	171.14	
89.44	7.72	129.55	57.25	563.91	568.44	3.43	643.47	977.44	801.62	885.99	401.16	92.15	517.24	7.44	630.30	721.14	572.76	344.55	372.74	831.23	667.49	635.31	808.34	565.09	730.04	153.74	410.71	224.29	867.56	580.85	312.73	874.28	709.39	368.98	438.19	277.83	371.41	81.66	255.27	173.03	966.66	655.43	264.18	483.90	661.87	893.48	205.04	234.63	238.03	576.79	65.86	904.51	212.09	873.20	469.60	941.13	26.94	879.31	165.42	893.50	460.16	477.16	767.78	169.55	845.14	205.97	446.38	216.54	286.64	
700.66	388.57	253.29	356.09	651.75	736.19	17.96	545.22	940.23	251.59	782.25	517.02	316.45	686.76	728.11	189.66	156.36	669.24	215.59	35.68	833.66	109.09	494.83	310.82	875.87	663.39	155.96	81.84	109.77	371.50	367.48	809.43	759.07	619.77	165.52	410.81	355.96	182.48	955.04	296.19	433.07	737.29	812.21	748.52	424.05	540.32	937.18	579.41	209.56	152.77	614.09	43.22	260.86	108.92	353.04	136.73	771.31	508.00	217.57	880.08	878.50	584.05	689.50	637.57	203.83	854.02	48.38	558.79	36.50	3.42	
853.98	468.57	739.71	666.19	217.09	163.76	206.51	154.27	742.17	415.07	306.05	356.26	457.29	565.91	464.18	809.33	701.64	235.48	317.33	918.22	115.56	195.83	502.27	804.06	832.40	705.10	658.08	879.79	263.88	693.57	882.21	117.87	162.14	621.92	783.06	378.23	784.67	988.56	531.50	526.84	403.63	836.55	882.10	859.92	402.46	346.27	669.25	104.10	580.75	985.59	22.32	695.31	181.42	523.59	499.37	13.83	228.69	157.44	892.61	491.57	850.02	774.82	608.44	12.16	396.74	391.49	389.39	181.41	380.06	919.89	
707.25	782.69	756.44	589.35	642.61	158.91	934.62	311.86	262.01	515.37	297.45	283.33	210.68	477.87	805.92	709.05	490.70	34.61	865.49	383.31	525.19	715.51	158.14	133.62	726.67	553.87	524.12	116.06	734.28	903.18	35.95	441.54	685.86	791.39	30.89	328.47	949.30	964.50	639.33	211.31	479.88	935.78	493.64	689.56	413.66	299.56	398.61	903.35	333.17	264.10	286.67	857.36	978.61	443.80	989.98	705.28	996.68	514.10	820.33	730.96	417.28	855.28	172.50	103.14	646.67	202.38	430.61	595.97	166.89	69.95	
806.28	645.76	5.73	299.92	335.32	418.38	598.48	732.93	321.74	930.65	996.03	607.41	788.01	974.64	51.21	777.99	679.92	47.89	292.09	500.25	777.85	708.36	355.53	949.35	810.51	2.21	151.73	241.12	597.18	317.62	310.07	403.46	962.38	314.80	702.38	297.71	732.18	300.86	30.64	53.92	231.51	26.67	660.33	19.52	1.31	710.54	796.50	680.23	757.43	88.59	180.49	535.28	795.95	535.02	484.62	606.46	536.23	635.36	846.58	133.42	951.97	156.65	535.88	914.36	470.44	238.26	212.07	202.62	538.12	241.70	
255.54	768.63	267.37	914.87	787.15	267.69	625.41	583.65	946.92	382.84	671.24	127.41	917.12	467.20	661.43	401.74	73.65	197.67	37.10	919.23	330.08	988.07	75.88	864.96	902.43	545.32	103.22	114.50	746.94	640.35	355.20	2.49	408.98	621.58	916.36	196.13	888.26	541.77	778.78	835.19	923.61	450.02	961.60	840.73	916.22	623.03	242.47	988.87	819.70	278.57	908.11	149.78	266.64	982.98	14.74	169.08	528.30	116.97	282.57	275.25	756.31	636.77	276.73	165.29	258.35	193.09	360.42	146.61	733.87	139.21	
980.80	657.48	588.23	942.40	498.21	504.45	565.44	739.69	493.32	385.14	18.26	401.43	533.92	283.90	384.41	547.66	451.98	911.72	663.63	733.55	186.96	419.95	370.32	462.70	584.24	627.67	654.79	943.66	773.29	388.66	82.87	754.09	46.14	670.10	696.49	543.35	174.55	261.92	283.04	666.88	646.06	300.29	68.31	179.98	583.20	451.72	726.65	35.17	363.44	390.28	767.72	549.40	809.23	138.05	12.10	393.47	764.72	665.89	337.13	538.00	54.55	419.00	292.09	99.69	89.10	987.58	642.04	262.65	249.50	924.08	
928.52	894.57	224.37	995.83	74.55	806.57	447.55	800.19	840.74	809.99	190.47	608.46	359.39	998.69	745.51	370.49	392.16	510.23	36.39	728.29	48.24	89.94	147.29	339.33	188.63	235.39	326.91	829.67	497.03	575.41	753.74	425.56	469.98	977.12	421.38	543.52	783.68	867.93	343.72	624.42	677.92	533.18	232.89	37.32	531.88	977.40	406.81	923.04	487.63	442.20	651.33	534.86	531.13	797.62	873.19	718.76	33.00	200.10	548.43	529.03	774.51	302.17	953.59	244.49	279.29	374.97	787.01	62.97	242.91	130.73	
686.39	919.83	662.91	918.28	956.15	194.79	895.68	362.96	117.83	383.31	804.16	768.16	917.17	335.29	565.78	790.36	54.05	597.78	989.46	601.48	126.81	763.97	902.66	80.40	8.46	181.95	454.37	794.47	243.92	696.28	924.20	929.31	616.12	587.11	847.59	572.26	780.90	743.27	934.22	897.73	126.58	738.38	665.89	43.75	73.67	231.67	833.11	126.72	828.44	822.57	727.20	954.26	586.54	629.86	34.66	594.00	810.80	488.03	388.47	54.72	184.31	312.67	983.04	799.43	898.78	830.63	371.69	679.68	573.90	305.92	
577.42	699.48	44.30	243.31	742.23	116.97	473.98	575.34	242.69	302.42	397.91	968.89	256.68	983.45	598.75	290.34	577.44	409.55	777.37	964.91	463.27	960.68	277.58	446.31	760.11	176.36	276.94	131.81	855.04	849.84	436.72	432.46	549.33	480.02	674.77	291.56	595.99	148.75	865.90	837.67	450.18	263.81	806.56	705.86	247.26	405.31	995.19	823.71	813.86	772.56	788.62	277.13	733.24	66.20	722.44	493.35	241.55	998.38	624.16	96.60	848.22	60.88	528.06	397.55	539.90	202.83	688.11	135.89	350.58	554.01	
972.56	799.76	816.82	779.12	505.62	64.09	184.43	500.82	886.79	997.29	273.38	675.41	274.42	6.62	740.60	995.86	498.98	981.16	994.24	123.14	77.75	842.47	183.02	604.81	240.01	721.93	806.64	927.12	856.82	157.22	481.13	829.38	955.99	297.95	608.50	461.61	361.04	791.93	961.42	247.83	789.22	234.80	922.24	63.65	240.42	662.84	59.51	738.39	644.00	53.76	860.53	720.75	895.22	43.55	325.56	135.23	764.48	132.20	62.35	621.29	288.43	542.48	450.67	244.42	839.44	59.18	705.02	200.47	850.11	666.44	
447.30	639.33	900.24	369.54	701.98	140.66	32.38	760.49	878.06	675.38	813.25	738.59	396.13	708.47	781.14	720.69	842.70	545.62	851.90	904.06	166.91	140.32	446.54	616.58	383.74	285.98	674.76	88.76	485.45	524.87	754.20	931.75	164.20	654.45	301.29	865.18	794.11	332.67	625.68	672.16	8.05	438.93	410.75	403.18	147.39	191.89	123.87	989.10	736.50	974.76	893.16	902.41	115.09	339.70	518.99	497.83	624.68	193.75	585.59	110.13	717.62	339.79	41.89	880.82	993.24	342.18	746.00	787.34	673.85	371.68	
459.50	680.90	809.60	869.25	84.08	956.00	61.14	206.94	945.10	796.64	181.71	838.26	699.05	295.80	177.96	218.05	792.62	801.64	410.80	378.21	910.77	128.41	717.00	951.66	9.23	710.24	293.84	754.23	497.58	966.69	125.91	956.08	647.59	934.51	825.34	730.67	890.51	885.47	936.61	835.61	682.12	118.32	673.86	381.17	413.11	850.82	598.22	205.74	652.46	9.02	582.95	563.23	136.43	299.95	514.89	144.66	10.19	807.73	897.90	506.77	774.42	23.81	462.85	422.02	957.32	288.19	152.68	847.83	173.66	89.29	
683.44	854.78	206.61	357.30	235.95	618.73	208.12	833.17	823.46	859.58	841.18	406.41	422.81	976.61	705.36	936.70	121.27	714.55	744.43	19.17	221.31	518.85	41.98	683.16	939.87	998.30	970.35	92.55	846.13	144.01	180.85	529.56	997.78	386.46	885.87	233.73	5.19	93.98	66.90	827.65	952.56	907.08	234.06	375.37	883.69	938.42	312.07	4.96	652.97	56.50	23.13	873.28	574.35	64.11	556.44	514.22	62.40	526.79	605.78	907.53	669.80	785.62	437.10	667.58	172.08	322.96	900.31	176.27	415.95	966.21	
3.92	368.51	873.29	236.99	742.88	756.98	175.41	54.95	760.94	827.38	110.45	783.08	700.66	683.80	846.18	257.10	198.02	907.59	782.89	802.80	815.12	452.68	588.42	252.22	120.26	759.51	574.18	20.58	934.78	989.12	985.79	937.71	357.63	859.08	174.69	100.51	616.06	349.11	154.45	377.00	176.49	263.90	160.07	876.15	946.70	6.26	133.25	144.72	912.85	915.14	946.52	727.97	367.82	534.94	979.18	487.09	294.45	553.36	506.66	229.23	542.48	492.45	166.94	899.11	351.53	340.63	998.62	966.58	688.74	153.07	
343.58	864.23	415.97	502.65	740.37	362.67	507.91	872.62	506.39	420.76	787.76	452.91	148.73	155.58	986.85	127.91	641.67	281.31	680.27	148.33	509.54	222.75	639.78	675.48	121.86	990.31	16.11	120.48	956.89	703.85	272.55	300.47	568.08	687.52	802.13	308.45	50.18	310.04	181.08	555.57	729.80	967.84	8.48	877.53	123.42	994.33	5.44	764.09	275.63	684.71	911.43	784.17	906.47	551.21	459.65	28.33	541.52	474.76	147.80	498.41	178.61	419.35	797.88	745.69	106.87	600.01	54.15	156.05	909.05	234.22	
710.62	638.85	202.06	718.09	516.38	324.48	712.42	520.83	88.57	987.06	205.54	999.00	771.23	112.01	550.21	230.88	139.33	91.73	704.64	286.14	589.15	882.26	704.49	387.03	627.95	810.36	986.04	681.10	965.40	895.09	914.32	676.02	533.94	116.38	394.11	50.33	439.86	106.54	570.15	527.44	93.59	774.70	526.44	863.82	885.70	76.65	94.71	25.04	167.38	798.35	310.18	755.53	680.61	14.67	142.56	308.56	824.02	128.60	988.66	789.43	23.69	902.98	465.45	556.63	19.36	858.56	605.96	458.22	964.10	176.11	
984.65	57.69	949.81	511.09	920.52	835.52	586.74	15.22	859.56	753.13	812.57	169.73	508.66	493.18	183.40	650.22	800.74	7.42	777.82	789.40	795.85	800.51	692.38	261.30	357.14	710.73	119.86	962.10	168.95	83.96	138.21	153.61	140.65	88.02	663.70	61.16	922.54	250.44	75.38	782.09	3.57	886.95	950.83	511.23	380.13	134.23	161.45	180.87	140.65	938.26	969.27	935.50	738.77	661.65	196.80	95.91	372.38	315.66	58.01	540.33	398.62	195.22	692.94	538.26	282.24	356.64	598.43	204.78	606.08	672.81	
985.87	608.66	559.77	936.70	119.89	938.90	70.93	280.33	119.77	210.58	218.60	89.04	146.08	956.37	749.69	341.88	52.28	122.07	656.54	109.28	661.40	55.16	303.50	354.34	592.42	584.74	709.98	190.85	788.52	316.07	862.66	774.39	923.72	422.43	711.09	43.61	361.33	781.02	322.94	480.10	990.60	540.54	568.14	136.69	496.91	317.83	477.57	548.19	438.90	134.12	656.47	100.30	188.28	958.97	453.65	779.70	543.70	163.63	969.55	332.22	478.70	832.21	106.61	402.42	254.64	816.71	445.03	614.97	597.73	766.98	
95.06	588.33	307.52	662.21	724.02	803.42	979.04	201.60	351.61	417.94	334.71	8.08	517.24	521.99	966.04	969.89	301.69	509.75	133.52	271.24	840.97	611.22	103.45	946.58	13.65	357.09	763.29	457.68	971.05	361.02	224.65	66.12	948.35	531.17	727.32	672.37	334.59	706.36	872.96	685.20	124.30	207.68	692.28	640.54	728.67	658.32	610.43	30.35	168.07	742.95	300.59	9.04	354.18	403.04	954.63	366.82	759.13	717.91	823.50	730.18	78.93	48.16	795.30	27.28	578.33	522.62	698.65	911.92	228.98	571.61	
597.12	352.28	778.29	289.41	991.82	506.96	946.73	602.26	536.31	114.80	345.21	835.90	122.85	698.39	238.94	77.47	65.21	997.07	794.39	887.71	727.25	872.32	934.87	522.55	898.60	513.19	45.17	597.25	425.11	273.15	168.86	22.24	624.43	946.15	310.64	616.25	453.11	257.37	218.51	988.42	371.18	562.72	824.33	493.02	261.11	63.27	569.49	325.32	60.34	363.88	213.03	786.59	236.20	147.89	309.14	134.79	660.09	353.31	731.04	85.20	625.46	898.90	106.43	249.89	845.05	416.08	865.14	298.16	672.45	83.65	
286.58	43.63	645.37	110.91	535.65	905.47	173.18	105.14	230.79	232.52	468.02	442.82	19.11	703.22	589.71	327.25	837.01	249.79	679.56	568.05	333.99	305.01	466.95	439.42	553.90	311.99	854.50	419.04	609.15	526.95	501.68	894.73	569.57	147.05	5.64	105.22	52.52	177.82	209.36	282.31	409.34	676.38	724.12	427.45	379.60	313.83	753.71	216.61	562.63	433.26	783.66	895.62	737.28	250.60	335.04	291.17	561.60	189.54	709.21	170.75	715.48	210.90	65.48	285.06	356.95	70.12	389.27	408.47	246.94	597.63	
689.78	655.28	274.01	413.90	82.73	652.61	726.73	835.44	868.22	289.36	268.70	651.88	184.98	5.98	901.48	519.02	296.15	463.07	707.55	5.36	632.82	423.04	215.26	697.30	707.09	571.21	766.42	96.37	978.67	13.36	693.00	668.45	667.64	966.02	82.35	749.37	618.63	808.09	584.81	486.85	97.45	852.52	138.72	281.42	857.49	40.20	799.44	153.65	502.27	507.00	158.01	135.09	929.03	372.27	831.40	636.13	942.48	597.82	731.50	921.15	610.18	424.50	589.61	277.82	390.51	670.96	27.20	9.14	479.04	611.01	
