80
80
64
490     49
242     24
175     17
225     67
 80     32
453    135
141     70
489     48
365    109
420    168
259     25
401     80
281     56
 28      5
460    184
132     13
317    158
281    112
208     20
 13      5
402    201
108     21
299    119
 57     17
275    110
195     78
284     28
396     39
339    169
271    135
349    139
353     35
469    140
253     25
341    102
165     82
423    169
380    190
455    136
482     96
 10      4
360     36
368    110
444     44
275     27
109     54
319    127
384    192
297     29
280     84
103     20
476    190
304     91
238     71
388     38
 93     37
106     53
383     76
304     91
275     27
146     43
297    148
 47      4
 68     27
413     82
289     86
378     37
137     27
224     44
 45      9
295    147
105     52
283     28
 76      7
410     82
260    130
428     85
327     98
438     43
126     50
178     69      437
299     91      205
235     10      672
700     69      546
766     61      681
989     28      536
942     10      465
634     29      459
476     52      370
492     97      421
111     33      314
349     40      262
571     82      413
394     66      361
240     74      576
222     92      290
707     73      508
405     51      207
415     32      271
830     83      570
421     64      524
180     59      509
406     42      597
982     50      376
935     60      362
869     76      592
724     70      389
955     52      343
511     65      610
809     56      223
195     13      639
267     70      593
650     28      475
940     11      610
873     83      438
738     50      201
577     64      692
853     81      450
225     41      461
962     42      608
900     83      671
699     90      575
343     78      417
213     20      630
297     11      482
703     33      292
249     66      466
490     43      536
134     29      546
753     50      537
187     44      406
497     65      369
605     16      592
844     57      302
172     29      291
483     54      253
328     98      440
287     17      227
130     74      397
919     33      349
618     46      497
916     43      335
480     65      489
556     11      272
427     37      491
718     11      473
996     22      273
475     86      228
453     29      469
924     82      280
112     32      637
793     67      440
784     68      402
505     74      353
676     55      616
437     32      684
935     69      692
951     19      382
350     58      520
225     33      284
296.82	501.89	370.44	539.91	93.79	109.49	670.19	349.16	831.57	128.21	802.71	337.90	9.14	425.25	651.86	721.85	244.46	506.65	859.27	827.35	148.47	563.78	344.08	496.94	624.05	648.82	228.41	678.78	370.11	875.58	235.33	665.93	377.47	604.77	205.84	470.26	713.26	875.03	818.42	544.83	3.24	621.13	881.73	11.38	46.38	533.59	732.23	289.84	40.25	591.50	117.19	187.71	155.28	460.28	683.65	778.33	109.09	911.06	457.12	478.20	786.64	691.44	144.14	164.11	296.21	348.98	633.38	9.47	224.01	451.80	553.30	226.25	72.92	435.03	236.63	118.31	967.63	967.86	407.15	7.87	
559.36	523.34	194.59	713.65	982.62	877.23	491.98	91.71	788.29	948.10	568.92	574.93	639.54	712.05	738.05	934.76	61.03	371.42	943.23	284.04	822.22	496.53	509.29	894.14	930.56	744.92	12.45	898.19	712.78	418.60	905.06	272.15	940.95	99.65	984.79	923.57	975.88	476.77	15.28	764.18	424.87	583.19	339.11	64.41	295.25	77.16	998.17	355.27	447.58	941.40	638.31	269.80	437.93	147.60	163.94	368.49	891.52	175.39	266.68	604.30	592.99	171.75	875.45	533.94	270.40	860.24	457.51	246.28	337.01	471.78	10.46	760.88	54.98	348.57	824.29	349.22	424.73	822.46	703.50	871.31	
763.86	341.81	141.11	201.78	488.41	304.05	569.27	379.93	478.44	834.95	983.23	71.44	6.70	858.68	604.38	276.09	718.92	61.88	521.37	55.94	532.67	530.83	815.82	586.64	878.40	640.11	934.87	303.13	462.57	638.36	174.45	226.43	979.17	314.56	427.21	467.58	617.61	995.48	846.51	96.06	830.43	829.74	166.49	836.13	688.42	769.87	112.22	407.35	830.75	632.59	462.28	363.41	163.42	278.10	949.06	41.82	917.21	883.92	343.95	379.78	522.29	517.40	605.20	501.46	830.96	32.41	968.04	448.58	27.89	814.55	543.63	857.32	644.29	709.12	693.45	332.71	478.99	804.66	739.06	309.74	
437.25	201.34	672.15	599.66	478.44	621.21	640.48	395.65	505.13	983.43	774.42	27.42	500.83	379.63	527.88	331.80	411.04	495.92	779.37	437.93	310.47	323.01	295.25	953.76	32.13	987.70	286.47	510.12	792.36	25.53	818.86	229.61	225.87	491.01	828.27	703.31	112.22	468.75	98.95	616.35	452.18	872.38	642.77	952.02	252.00	170.65	283.82	662.04	665.58	63.19	99.97	975.05	385.20	394.22	928.81	416.33	381.92	215.28	925.45	174.28	239.81	744.30	402.88	464.68	235.31	231.15	167.99	346.53	698.90	265.94	961.88	151.09	138.32	604.65	103.10	389.32	774.30	385.92	51.36	439.88	
448.11	150.34	414.93	832.31	543.56	343.74	248.63	924.48	558.02	174.08	98.76	796.83	917.38	500.65	261.52	152.70	730.80	428.50	498.23	429.70	693.45	460.11	579.79	830.76	64.76	681.89	220.08	838.06	67.81	270.45	277.94	514.92	419.78	691.87	347.23	962.34	35.61	594.86	886.83	592.63	767.94	984.59	389.47	685.33	485.23	649.98	837.03	216.03	78.49	335.26	644.74	770.93	794.36	224.53	601.69	858.12	905.42	820.78	696.19	972.23	91.22	973.13	487.16	510.01	665.01	833.39	472.35	699.62	428.26	359.18	292.25	196.20	343.77	680.72	880.53	828.00	330.70	717.55	44.04	408.19	
52.81	687.77	179.12	846.17	911.30	779.82	704.30	816.72	600.59	400.49	788.95	690.82	373.62	276.11	200.82	38.63	109.50	672.17	737.24	536.76	31.35	29.50	731.96	374.12	709.22	612.48	202.12	39.92	330.04	245.15	447.11	381.85	931.93	625.23	228.02	843.22	405.05	931.32	659.94	5.65	331.81	448.89	695.46	704.43	724.00	895.29	742.05	832.51	567.46	479.30	369.26	597.81	507.80	101.22	970.93	217.01	712.70	173.05	255.93	42.74	417.20	702.04	423.58	349.13	327.28	650.61	192.35	731.33	581.93	851.29	735.98	912.73	300.19	431.44	617.16	24.19	326.72	359.21	855.70	893.19	
837.51	224.96	491.00	345.31	325.18	461.93	561.32	37.88	633.98	816.25	79.62	51.18	518.30	502.20	399.30	844.58	152.81	590.65	575.91	733.73	441.95	311.88	646.46	741.13	742.32	263.62	764.33	69.05	621.84	620.02	961.23	459.35	843.98	452.23	803.66	169.16	913.16	364.98	206.04	547.13	181.23	284.66	597.31	698.53	785.86	995.61	543.11	937.66	586.27	119.02	671.40	28.21	429.90	317.86	768.35	172.23	580.48	532.67	240.27	202.32	152.69	201.51	660.67	995.68	652.74	464.33	164.84	565.89	828.31	369.87	113.02	9.54	653.53	709.33	707.08	439.39	704.94	250.19	377.05	291.21	
368.21	48.45	318.42	797.12	365.31	86.77	968.34	944.79	618.44	208.62	147.11	770.13	409.12	806.79	765.81	61.86	271.12	929.65	626.75	99.43	299.52	738.77	107.97	952.05	448.11	814.05	391.44	153.05	64.24	767.49	443.26	431.46	814.93	760.68	228.57	180.24	846.45	196.92	125.03	464.89	404.54	271.14	235.03	812.66	77.93	999.84	873.52	348.04	929.49	500.27	446.47	229.01	239.04	553.44	181.06	686.15	367.49	571.50	838.20	430.74	338.99	281.46	861.19	153.92	42.14	89.77	333.16	887.60	285.69	457.19	352.49	689.23	727.33	586.52	501.89	804.26	586.35	375.40	152.31	515.84	
874.67	597.78	743.85	113.72	151.22	923.91	798.87	517.71	495.41	637.07	947.45	833.40	917.53	808.64	986.32	958.68	897.41	319.48	846.27	183.10	775.67	198.76	871.33	503.01	784.28	373.21	307.27	370.63	747.62	458.57	885.47	622.29	56.35	629.32	735.01	206.57	553.23	533.87	723.28	48.64	170.94	670.73	881.03	88.47	479.38	867.35	47.15	376.79	186.84	892.42	558.89	961.51	91.18	430.21	464.52	874.46	802.43	770.79	245.09	550.04	229.36	130.55	172.33	284.71	758.87	906.34	490.28	312.10	440.21	213.56	359.74	610.16	883.29	240.77	697.63	362.66	108.13	743.78	738.45	293.96	
636.20	297.34	255.47	726.38	726.56	718.99	600.84	528.98	489.78	844.92	79.02	718.14	974.48	250.36	2.85	733.35	156.70	492.12	45.45	595.91	704.68	404.19	206.07	587.97	643.96	902.70	949.64	751.09	646.48	688.09	45.05	282.68	984.43	299.53	9.06	710.99	18.52	608.90	239.97	507.30	453.82	317.99	225.43	428.30	567.35	227.28	161.65	723.05	718.40	206.10	318.96	423.08	609.28	524.03	11.05	253.25	426.73	959.69	4.34	73.22	647.78	48.39	354.90	632.21	346.92	362.96	343.20	364.43	970.86	582.16	870.73	424.68	899.15	96.16	851.97	466.50	322.44	13.62	189.55	40.84	
218.71	507.51	462.92	827.00	31.55	472.98	80.25	457.28	432.67	83.58	529.50	80.45	130.97	883.40	711.66	476.89	246.36	54.85	840.32	217.22	636.02	711.05	640.89	535.17	806.21	492.87	1.67	128.65	505.49	190.23	168.49	723.20	696.74	630.41	550.20	727.29	103.38	629.45	184.57	535.05	712.03	713.06	614.50	842.00	596.46	326.16	318.88	841.82	380.01	159.20	59.03	16.03	869.25	698.93	550.20	675.46	191.80	550.87	803.11	696.29	740.10	970.59	419.49	436.84	601.00	968.69	164.13	703.38	598.14	347.69	238.44	310.17	60.76	851.94	152.17	656.22	178.09	470.05	498.04	557.10	
628.25	556.07	572.13	497.50	255.00	122.33	172.96	445.80	672.20	975.07	142.08	412.30	945.66	560.57	848.14	546.67	529.26	12.27	250.05	127.40	358.96	487.49	436.57	418.72	339.42	587.74	74.94	516.51	57.79	571.98	73.62	685.04	128.05	644.75	182.55	382.04	766.08	354.51	826.84	438.28	329.58	967.92	849.58	275.25	528.50	697.72	820.91	57.76	708.99	70.96	184.17	67.96	557.45	619.74	485.68	895.87	207.48	559.62	412.38	264.27	131.60	485.00	948.31	258.64	129.75	130.86	639.69	894.83	484.37	466.53	333.10	812.96	434.45	182.69	88.20	961.95	879.41	908.12	19.71	588.40	
978.08	202.88	655.36	535.53	821.61	141.04	431.40	29.09	699.66	842.78	292.36	830.26	327.78	240.67	88.90	456.53	370.52	727.59	351.36	853.89	194.11	683.46	666.85	627.57	865.15	754.05	589.52	744.56	662.17	608.23	332.96	640.26	810.11	987.32	175.79	631.72	128.36	606.19	659.81	827.02	448.97	951.17	657.28	775.76	191.83	745.18	232.29	561.36	472.77	582.65	415.25	665.88	266.11	82.10	293.45	131.26	835.16	881.97	874.82	497.33	490.19	207.78	137.59	300.30	195.10	312.38	931.02	322.46	917.56	590.83	149.49	366.54	542.00	805.77	142.30	732.83	550.95	373.58	294.19	23.71	
955.23	708.45	688.60	221.34	789.55	981.04	351.60	624.71	863.01	226.42	122.04	353.20	433.19	258.63	652.50	627.29	570.00	583.52	948.75	487.57	174.35	98.24	853.11	715.35	903.00	994.40	448.19	453.95	367.99	741.38	476.66	323.22	449.82	165.26	543.56	239.37	146.30	894.16	863.08	9.31	120.57	984.12	361.52	552.77	242.75	14.02	180.06	811.75	596.54	128.81	299.32	769.90	226.04	152.42	485.25	129.05	146.82	932.44	582.00	513.81	673.81	58.66	836.03	123.64	222.92	379.59	362.01	368.22	273.74	225.09	376.53	393.32	209.21	737.05	945.08	450.95	750.07	125.14	262.70	346.61	
252.94	561.01	116.51	477.99	712.44	600.76	606.03	858.26	533.20	188.03	372.07	207.01	245.69	208.09	329.64	467.61	586.68	690.65	834.83	859.42	914.74	211.36	252.74	123.94	947.41	197.82	573.89	697.48	321.96	835.59	44.09	573.91	396.61	159.60	51.89	109.04	759.36	656.93	966.30	292.56	843.96	338.37	498.56	89.65	545.46	827.21	556.26	132.14	517.86	391.09	990.56	432.60	601.45	243.30	555.54	548.86	440.12	129.43	246.34	761.08	964.03	289.43	334.99	360.63	448.04	385.88	468.68	207.40	42.81	434.98	498.95	885.77	772.35	996.52	974.42	317.81	823.72	530.68	448.95	341.58	
920.77	439.51	773.18	522.22	681.81	328.72	71.08	121.93	457.15	316.43	882.02	421.17	604.86	217.01	780.81	52.90	601.89	249.48	259.29	643.70	683.46	757.24	529.48	455.81	753.76	503.90	772.62	577.48	34.58	221.56	918.07	954.35	660.07	691.24	476.57	341.88	19.96	546.65	462.82	476.11	862.07	344.83	896.28	466.93	560.84	677.09	518.83	162.73	925.57	777.12	805.44	609.04	534.37	334.92	64.85	288.13	837.81	836.46	864.61	871.39	58.03	782.68	825.73	717.10	473.92	302.30	58.98	492.88	847.95	520.80	967.99	710.02	864.63	864.27	176.96	425.47	541.36	694.79	587.21	466.93	
471.91	392.65	75.97	6.28	726.56	139.82	293.41	564.38	975.28	158.02	435.77	33.31	939.70	261.50	749.41	413.62	562.80	807.39	905.50	410.75	328.19	873.48	120.77	192.82	737.75	296.73	617.30	279.11	990.51	204.51	745.04	462.42	596.15	820.01	467.70	322.72	958.82	760.11	886.09	934.10	917.13	321.86	966.41	856.83	582.36	715.82	270.45	145.16	523.21	175.95	554.91	850.40	49.43	674.68	43.22	786.18	970.41	659.52	65.29	960.92	863.03	809.33	423.35	459.18	629.33	890.05	780.90	588.16	650.16	667.00	522.26	567.29	987.86	488.67	424.12	570.22	204.49	693.57	714.38	726.70	
868.52	269.29	577.10	916.95	942.97	619.33	703.13	913.38	278.85	767.41	874.30	141.88	576.74	297.65	600.06	206.07	187.70	380.96	793.23	836.86	47.96	315.49	404.15	35.81	803.17	827.27	605.03	7.66	520.84	319.41	733.36	389.36	587.70	310.47	306.31	530.67	928.80	9.43	444.05	207.65	775.85	318.35	348.52	352.58	614.99	947.58	557.65	801.69	328.54	350.88	638.55	375.50	665.38	42.70	410.31	468.54	868.97	15.34	475.20	389.81	333.75	208.57	778.17	920.44	518.04	84.47	451.11	446.83	92.90	894.16	653.48	867.75	212.50	2.00	220.33	826.50	948.58	776.99	628.19	277.13	
127.87	266.73	651.62	792.25	308.43	61.93	260.79	177.39	76.27	734.99	566.20	409.02	942.56	344.37	329.46	460.60	427.84	779.58	906.43	519.74	673.73	559.91	387.49	885.24	560.91	606.83	711.73	509.50	383.82	339.92	785.62	510.69	605.65	437.24	302.94	913.08	498.18	562.73	90.47	573.45	297.72	655.67	981.47	240.28	999.04	310.93	699.88	426.88	90.51	606.31	945.62	763.24	166.23	333.11	648.48	726.14	938.94	360.21	235.63	322.75	699.13	21.26	832.44	304.79	457.50	135.38	217.87	954.68	697.11	307.34	528.13	993.83	962.02	509.60	234.12	961.06	819.53	933.00	387.93	909.04	
539.32	333.55	672.28	704.54	665.66	320.76	430.68	604.60	679.98	665.32	926.36	379.11	685.57	758.80	682.89	143.07	893.18	899.76	97.75	590.29	207.10	624.88	584.13	169.12	134.47	817.25	130.17	953.00	750.25	517.11	862.04	289.57	849.66	534.33	993.11	515.32	854.09	423.79	119.92	534.06	89.10	46.28	912.17	773.67	804.08	595.07	915.75	697.27	494.83	13.50	287.56	700.93	637.37	870.69	869.05	770.85	687.94	998.22	723.85	438.19	515.33	585.90	726.75	364.99	120.22	719.86	879.31	973.31	143.65	998.23	507.38	231.75	44.51	419.55	5.42	847.60	14.62	920.17	544.86	508.45	
932.66	831.42	209.38	570.04	702.11	78.43	340.88	390.05	76.66	64.74	827.23	590.99	649.63	553.98	954.97	768.85	273.84	834.28	742.17	416.49	832.51	249.54	647.24	876.02	668.09	651.66	723.62	681.71	571.83	268.48	190.16	504.49	99.90	398.54	74.53	801.01	475.98	414.41	191.06	551.63	478.15	18.30	142.62	127.78	571.28	97.59	895.63	844.12	930.87	637.80	260.61	763.38	886.34	906.85	639.40	554.43	558.50	363.02	236.14	130.33	630.50	425.30	633.82	729.40	822.84	707.34	530.41	298.82	121.75	720.48	849.45	598.90	737.78	991.07	725.68	309.06	88.66	621.31	153.18	19.53	
259.10	412.79	781.91	145.44	319.64	421.31	698.87	877.15	783.32	934.01	7.47	413.82	359.31	640.29	143.22	182.15	347.64	672.63	479.97	468.39	393.11	329.41	67.29	130.88	320.48	791.97	438.94	408.14	413.27	591.12	426.66	671.38	3.92	208.57	815.82	322.56	628.87	514.69	199.70	412.20	448.70	206.18	825.02	807.01	845.47	967.23	988.16	193.11	639.86	468.12	660.50	32.97	796.53	726.79	162.86	117.01	518.75	600.80	524.15	931.03	191.92	949.81	602.40	194.84	158.38	418.22	516.40	786.26	931.91	715.10	198.45	380.60	920.28	23.47	187.61	765.76	989.70	175.76	957.87	629.56	
642.88	618.37	661.54	439.42	345.15	823.39	555.43	862.91	424.19	79.58	793.94	615.11	29.40	396.34	808.95	186.78	813.56	325.35	972.03	745.46	40.46	170.49	126.07	959.74	192.95	312.68	725.49	182.65	487.44	683.36	811.22	130.33	301.72	472.76	568.74	645.88	296.15	124.18	508.79	719.34	202.76	302.72	334.45	231.15	698.06	143.41	416.93	511.62	467.76	388.96	257.08	507.21	558.45	382.15	466.95	750.40	693.83	192.45	932.06	181.27	874.80	743.28	310.59	176.53	216.03	878.34	821.41	511.18	2.51	330.19	230.52	204.27	631.92	563.98	434.42	329.98	706.38	850.35	840.59	174.14	
239.32	97.68	680.36	796.77	478.82	147.31	547.17	172.65	338.76	479.22	352.92	213.56	222.50	662.51	389.09	437.53	540.85	210.49	947.71	542.36	539.69	178.24	745.63	171.60	741.21	180.05	500.58	447.60	30.40	341.17	620.74	268.72	437.85	301.10	65.48	915.67	447.41	611.65	88.32	785.17	90.87	440.24	997.73	312.37	102.75	386.82	748.91	642.60	596.31	696.62	184.95	135.99	873.86	929.58	306.60	615.07	109.63	806.17	62.67	139.03	147.35	682.41	406.75	584.20	982.51	471.23	499.87	429.92	82.88	587.19	215.09	172.75	27.43	212.81	484.13	129.18	598.63	233.03	770.78	194.94	
928.65	954.74	329.93	802.51	884.32	635.53	417.58	992.95	441.70	479.25	131.98	588.05	161.65	537.73	172.25	144.16	8.96	671.11	573.08	90.84	258.31	787.16	262.59	284.74	998.98	745.72	412.92	597.61	977.75	183.71	791.54	906.41	138.44	121.48	708.92	22.76	756.00	126.50	15.71	197.71	604.74	146.69	784.76	765.40	683.42	956.00	908.56	691.38	627.12	481.63	781.21	884.42	268.80	43.80	169.16	267.78	788.52	581.09	864.38	766.27	763.79	655.92	672.68	901.24	776.40	381.60	923.00	532.40	507.10	937.71	729.11	111.84	84.40	513.87	876.23	766.82	469.87	784.79	458.19	96.99	
266.42	239.40	980.41	534.22	282.21	149.58	801.00	70.73	729.66	665.38	836.00	493.46	321.30	508.68	394.70	97.70	889.28	317.69	629.11	396.38	255.40	358.22	507.22	338.80	871.09	383.45	105.61	340.96	168.24	562.80	436.95	433.67	801.21	417.37	966.89	83.41	565.94	767.89	153.14	295.61	433.27	988.14	788.07	753.57	496.83	182.76	850.28	386.11	499.45	479.39	781.49	753.85	836.61	288.71	92.65	707.70	671.16	197.26	48.67	838.40	759.06	484.62	272.07	560.27	900.99	238.96	642.68	466.93	6.85	794.82	761.54	439.12	782.96	549.60	192.69	279.79	731.36	42.97	664.90	230.82	
521.36	446.39	983.67	357.96	734.09	76.32	65.67	405.25	272.58	113.33	243.65	31.64	596.95	514.73	590.90	497.94	752.69	233.58	963.87	758.54	28.40	725.41	197.66	810.37	275.01	389.35	90.16	6.37	431.32	754.06	236.19	951.67	200.44	219.86	309.63	933.53	295.18	374.30	338.79	566.76	486.63	581.44	597.39	83.58	96.17	188.29	580.52	847.85	420.88	544.39	606.39	448.28	269.79	803.05	258.65	543.80	192.40	347.81	549.18	622.71	101.86	784.37	574.38	301.31	4.23	883.02	234.84	298.41	257.32	572.63	864.17	742.95	154.07	461.56	825.53	249.24	648.85	406.05	97.09	69.73	
949.44	702.48	517.01	219.23	505.53	774.66	762.03	696.93	122.47	311.21	319.64	223.33	95.58	893.03	523.64	98.81	776.04	757.48	396.22	33.36	330.11	260.39	775.31	483.18	720.95	600.84	731.41	369.80	6.89	827.50	438.53	955.32	529.99	954.55	174.55	35.52	729.21	935.58	731.45	850.68	246.79	51.09	74.01	341.37	943.12	596.65	439.17	719.17	354.14	834.39	751.53	683.25	94.78	526.84	166.42	814.73	127.68	896.84	184.53	133.57	724.34	622.06	88.89	254.33	576.60	262.44	288.85	305.81	198.03	20.30	156.49	443.82	70.39	229.50	784.18	13.51	825.15	223.35	731.68	179.29	
57.75	483.21	861.53	151.53	10.04	27.96	965.25	136.72	923.79	149.78	269.29	648.13	770.84	357.18	901.46	347.44	618.63	190.31	652.25	815.65	209.60	807.74	259.47	278.99	37.23	43.65	291.51	861.39	266.00	23.18	40.67	322.75	505.39	901.21	473.28	514.43	928.16	438.53	650.16	851.96	587.31	918.45	500.09	358.14	275.63	401.55	704.58	893.26	590.86	356.83	708.91	799.46	164.56	967.38	78.46	200.80	11.03	368.96	62.19	276.04	391.15	101.86	597.79	895.54	3.07	71.07	409.97	930.23	508.60	60.13	782.19	95.91	977.58	282.28	453.05	253.22	682.83	157.63	146.48	273.69	
513.46	854.39	73.15	677.02	821.77	150.61	876.82	831.81	518.57	938.00	107.84	908.72	39.86	704.63	804.26	41.93	774.70	214.23	971.16	283.30	273.37	753.36	378.21	250.95	35.64	830.25	503.16	717.47	986.88	648.64	990.16	500.34	503.03	63.32	177.36	324.80	212.93	54.17	156.61	730.50	991.18	263.45	639.23	31.04	967.08	443.49	71.97	741.79	656.72	43.14	25.09	929.09	795.50	402.29	180.03	830.13	232.54	682.20	547.60	219.43	330.83	537.77	718.76	832.86	600.09	895.12	157.66	812.01	948.29	313.27	542.52	939.47	575.72	181.74	969.52	542.80	624.23	41.49	284.59	280.95	
83.63	308.68	210.03	878.13	709.97	389.07	708.26	941.51	71.26	255.86	160.94	401.09	792.63	878.70	233.96	392.72	773.82	390.62	204.73	722.11	702.89	746.25	661.59	278.61	926.99	631.10	820.41	551.22	671.59	105.00	831.17	754.22	412.68	41.20	632.35	122.65	429.27	340.61	64.16	499.53	595.47	224.10	899.62	388.10	102.80	133.58	779.82	875.62	523.20	983.55	597.73	226.09	729.80	259.32	503.70	656.79	889.42	324.11	208.01	561.01	428.11	39.18	315.23	839.79	79.38	946.58	961.44	507.65	287.19	25.59	7.18	881.65	248.69	905.80	269.75	350.49	39.38	49.57	226.11	561.58	
33.12	822.84	786.67	761.92	82.16	290.37	418.71	970.58	613.47	625.72	531.59	41.59	663.89	845.82	880.37	742.27	792.40	841.81	249.92	79.58	866.41	256.09	960.24	115.10	161.89	229.99	464.59	200.27	278.56	689.70	760.85	310.68	512.54	547.52	72.60	593.69	836.89	490.31	564.27	450.36	116.03	95.85	490.95	778.92	940.67	371.32	521.19	733.07	213.13	770.11	811.65	79.54	26.21	771.89	193.64	187.10	1.88	657.23	386.37	279.45	346.92	147.23	589.13	858.46	693.75	660.74	452.15	530.64	151.05	16.42	980.01	266.08	111.27	470.95	45.00	51.95	841.28	565.19	784.02	54.41	
335.31	595.67	132.95	360.51	367.56	325.59	546.61	368.45	981.82	931.99	646.90	328.74	79.22	236.03	187.21	771.97	895.76	638.36	302.61	46.81	653.78	282.62	311.89	764.05	752.57	355.89	815.00	593.85	920.08	599.02	647.27	255.39	194.69	779.22	614.90	561.25	104.81	161.52	928.70	86.63	93.50	575.59	414.38	171.72	810.62	600.58	942.69	706.38	238.94	245.30	752.19	891.72	526.92	64.08	655.78	279.49	418.97	470.78	872.35	339.05	69.79	519.61	593.44	263.48	298.83	208.34	823.74	402.64	368.86	752.43	488.28	461.36	328.03	901.65	632.08	138.65	502.24	574.78	844.04	740.18	
819.08	596.23	631.90	346.00	659.31	287.68	624.49	78.28	757.45	496.84	416.33	826.25	16.45	9.77	89.73	314.28	217.11	912.46	715.92	584.97	664.90	204.20	46.33	991.93	105.86	677.42	130.58	607.09	252.19	973.61	347.27	71.27	569.84	978.17	416.27	229.16	265.85	40.76	306.44	23.30	536.60	721.76	848.54	552.05	730.53	937.27	865.33	946.64	849.74	581.26	531.61	514.64	784.46	576.94	506.57	889.31	254.36	636.14	496.41	505.55	609.76	842.68	575.82	179.60	820.85	991.09	407.76	86.70	31.85	713.19	109.00	567.45	434.96	956.54	119.50	165.49	893.82	983.83	112.13	743.55	
565.09	642.75	258.19	349.55	219.69	763.76	238.86	473.05	399.90	734.26	977.60	9.66	576.94	553.42	188.26	397.79	544.51	595.02	483.49	575.37	308.21	591.49	142.82	742.16	548.03	261.32	906.65	441.85	245.16	18.79	185.40	809.25	660.53	442.59	158.79	879.22	206.35	396.65	352.28	605.25	130.92	329.88	613.91	706.86	882.30	801.17	104.65	426.82	396.18	587.14	2.18	703.39	178.63	144.00	445.55	725.66	404.32	352.21	167.51	648.48	369.99	351.91	457.73	30.53	793.50	615.52	908.75	998.85	12.17	261.03	604.10	142.09	589.90	218.00	847.95	472.21	19.17	951.60	898.02	414.35	
538.74	899.20	117.74	716.37	43.20	562.29	442.03	446.53	913.50	608.54	95.01	283.49	959.44	551.74	313.02	752.94	167.26	221.77	751.79	178.44	481.80	355.88	319.52	71.70	572.89	167.47	542.91	591.06	119.07	440.93	5.41	656.80	340.13	122.15	373.17	382.34	683.44	814.20	827.86	596.94	422.74	921.87	879.44	382.18	473.61	192.46	135.12	639.87	413.23	885.91	817.31	894.03	241.80	136.83	964.73	813.68	303.30	507.64	404.74	421.37	947.57	409.15	78.17	287.71	530.29	450.34	669.04	213.74	264.54	496.90	809.68	686.28	418.78	689.12	68.46	891.39	880.58	202.58	531.26	293.81	
88.49	348.56	187.85	329.29	484.39	152.58	142.97	786.69	659.22	546.71	208.06	606.80	954.85	285.23	893.50	485.15	734.57	562.54	697.88	998.12	59.45	507.56	684.40	477.22	196.68	751.86	368.61	77.27	953.44	898.87	370.08	41.93	247.43	556.93	370.22	730.82	708.51	512.19	517.51	367.73	58.90	724.57	973.53	13.75	9.80	867.03	497.89	743.38	429.57	195.78	741.49	488.02	702.34	425.89	964.25	898.02	177.75	332.86	974.29	131.20	231.72	344.37	172.13	478.15	900.29	541.35	208.97	608.80	53.54	725.48	975.53	111.43	450.05	949.06	124.18	458.85	816.09	621.07	202.23	245.66	
815.85	942.72	732.68	518.19	368.62	696.93	416.21	545.37	29.78	390.50	675.57	260.51	733.87	846.70	737.66	634.16	388.05	945.63	242.96	440.58	671.11	218.49	551.02	121.16	167.55	674.20	579.01	982.64	295.28	780.24	228.29	111.13	722.96	959.97	628.31	91.58	656.90	44.53	635.95	685.68	434.03	311.51	945.19	167.89	158.21	682.84	801.06	545.26	628.47	44.02	984.84	299.58	261.51	535.86	419.74	428.06	210.06	997.75	410.70	504.34	777.99	637.99	614.46	500.95	597.97	242.78	591.53	254.86	286.30	227.48	939.54	719.33	537.99	884.73	886.22	695.20	567.57	687.28	240.46	196.04	
730.30	225.30	494.63	990.81	760.16	913.37	418.88	969.22	911.12	828.58	473.56	689.12	466.57	88.02	190.07	64.54	329.80	780.60	318.40	615.10	8.08	257.94	334.43	545.08	142.67	220.65	240.28	709.24	906.93	479.74	904.29	637.23	704.04	398.91	628.05	464.20	312.28	46.93	433.42	223.41	874.50	905.98	911.52	341.07	993.00	101.60	404.61	322.79	881.20	722.01	936.89	888.28	978.95	271.32	433.36	121.62	490.97	672.64	829.87	397.90	152.37	734.16	35.14	855.41	133.07	662.18	319.61	444.35	708.11	752.03	666.76	582.61	658.01	578.28	922.68	651.01	678.88	327.29	972.80	560.08	
49.30	909.69	448.36	28.25	181.01	880.72	148.87	670.98	553.35	977.73	68.88	704.73	711.89	103.02	560.14	843.96	764.20	878.76	288.31	472.31	630.79	954.07	54.92	288.80	532.35	976.61	938.81	211.23	303.90	911.61	770.31	352.19	821.29	218.67	379.44	2.30	99.38	527.31	672.28	651.73	505.04	740.16	356.46	216.93	842.17	915.60	60.89	606.38	794.36	348.21	78.69	425.15	302.28	132.61	712.95	833.63	109.21	651.75	44.86	412.11	563.36	814.17	763.30	384.65	32.83	142.75	385.96	131.22	669.05	58.23	781.95	174.10	797.39	138.41	390.03	639.56	54.01	449.93	245.94	847.36	
797.13	323.63	272.51	99.41	455.23	984.45	932.04	563.45	636.21	975.89	974.56	199.57	790.06	737.86	583.22	821.90	879.61	968.18	952.11	548.66	26.41	734.06	721.76	822.80	871.47	111.79	462.37	924.48	560.72	707.31	771.84	357.85	30.93	44.35	456.25	485.17	28.80	388.29	48.61	664.01	364.18	23.17	862.58	154.25	760.03	445.80	975.14	639.64	413.98	927.25	188.30	439.39	661.31	909.06	262.20	532.78	20.86	723.56	457.26	580.57	430.87	229.10	937.42	460.80	272.44	393.68	944.96	300.24	780.97	992.58	963.26	145.15	15.75	825.83	298.40	774.78	271.64	273.54	414.43	684.62	
200.79	601.73	124.01	861.11	510.79	385.21	393.89	530.65	108.77	850.15	111.22	538.64	79.25	48.65	998.43	350.69	441.32	943.40	649.93	222.29	935.98	613.19	366.44	950.73	439.02	663.84	725.51	709.66	936.38	139.94	394.28	137.17	740.67	517.30	997.28	251.46	901.51	391.17	781.11	10.28	241.32	891.33	547.91	319.57	938.98	546.35	669.26	380.30	489.75	319.19	601.59	425.72	931.38	967.03	376.45	370.40	630.86	101.96	80.06	567.24	240.90	473.35	703.41	980.57	989.64	700.69	232.03	891.15	91.87	13.13	900.42	332.19	903.46	448.33	650.76	842.44	993.68	320.01	222.74	483.43	
638.20	823.32	908.15	569.58	790.35	284.60	938.98	421.21	385.56	19.05	987.45	625.46	491.39	690.87	606.03	481.04	391.56	837.06	372.18	482.43	849.19	272.61	813.61	752.65	719.94	464.37	595.09	713.62	783.38	816.83	197.05	421.58	640.15	105.20	990.16	430.51	388.80	929.15	850.72	773.36	947.20	838.17	398.82	438.59	529.04	4.85	918.63	919.60	840.91	290.81	402.03	690.10	562.42	215.64	442.75	282.36	679.01	37.84	994.98	462.39	853.67	192.03	882.97	493.83	296.23	873.14	923.33	684.03	802.28	774.05	457.39	749.48	612.23	855.21	188.07	141.27	859.06	106.70	60.87	699.97	
396.51	461.90	390.06	957.93	676.54	831.82	240.29	355.55	868.66	235.28	816.94	722.33	426.31	699.91	216.16	721.54	573.05	139.50	405.57	375.33	912.55	861.95	124.81	524.78	717.16	311.88	665.05	576.22	417.58	724.91	276.19	813.09	186.81	665.26	771.02	862.34	497.07	11.32	217.89	365.73	245.60	34.83	88.06	670.90	733.74	303.23	392.44	306.78	441.73	797.01	681.11	354.28	658.97	804.92	878.05	376.13	116.80	543.10	951.35	533.39	268.01	227.54	346.48	453.82	891.80	117.50	316.16	388.87	127.82	533.06	753.60	372.42	566.88	840.66	43.32	300.62	143.89	434.77	606.40	584.61	
231.78	287.51	937.89	889.74	92.44	815.94	265.87	208.24	359.04	217.22	740.63	626.06	443.76	87.11	79.88	335.56	203.61	395.04	723.42	330.43	927.10	477.02	701.85	493.98	317.68	744.17	793.60	460.57	178.93	400.00	45.19	409.71	686.51	982.08	299.45	777.95	798.02	564.32	985.19	157.06	780.55	725.82	782.12	224.31	811.93	861.00	558.87	15.53	256.04	282.29	344.96	183.13	758.31	46.81	676.11	75.99	789.97	469.71	535.56	967.91	868.71	579.75	377.62	555.22	561.82	676.07	333.17	359.84	240.40	318.37	515.91	20.94	44.19	298.03	244.25	855.11	159.02	802.12	869.65	414.06	
84.41	214.61	596.20	841.72	260.42	272.31	916.71	50.39	741.02	452.27	18.30	609.73	32.02	394.92	164.95	592.84	70.99	497.13	951.69	310.39	814.49	467.60	330.33	857.68	764.63	573.58	712.79	922.65	375.69	582.44	336.71	459.10	796.05	931.91	300.82	56.47	204.22	217.53	105.86	944.24	668.80	123.16	553.96	699.82	517.07	717.91	292.66	587.06	215.04	244.35	896.45	29.53	710.95	226.78	886.22	475.58	799.35	599.01	398.23	175.05	181.45	733.94	633.15	976.50	665.85	932.97	32.97	869.07	150.49	137.83	813.31	818.29	259.98	367.27	518.11	776.06	85.18	809.78	363.12	299.22	
54.13	259.57	327.76	764.08	485.35	213.97	239.66	284.70	811.98	636.89	458.75	992.43	370.83	91.90	968.94	36.68	24.87	1.91	904.75	174.36	138.73	718.06	991.65	397.72	85.33	509.77	173.78	169.52	319.54	535.90	467.74	372.67	794.47	794.50	136.75	279.81	8.47	375.41	563.51	819.45	12.29	22.26	811.89	382.12	113.17	780.83	417.81	137.03	781.73	322.56	310.40	919.46	40.62	302.05	317.18	124.95	810.82	489.96	293.47	130.36	25.85	760.21	502.03	819.32	554.71	637.78	99.13	562.18	13.18	661.65	381.64	24.48	682.91	193.53	405.60	795.08	973.35	822.40	931.11	755.09	
144.96	241.51	674.55	184.59	542.56	990.73	308.54	353.38	480.69	601.01	482.74	505.54	361.23	983.76	324.86	914.94	621.54	422.99	477.12	633.72	84.64	857.76	657.20	766.56	51.29	62.80	561.64	24.64	884.20	492.75	778.73	29.17	733.26	453.27	212.76	275.82	444.00	520.30	628.20	923.69	121.31	110.94	429.23	481.54	94.70	753.09	396.47	715.24	176.08	872.60	348.97	259.73	730.35	6.17	26.29	780.64	67.97	586.92	804.28	951.17	79.67	583.01	979.34	811.93	36.28	192.09	87.75	479.28	711.39	714.95	402.97	831.70	824.89	831.20	313.24	918.59	584.29	708.71	633.83	759.38	
581.31	981.80	19.10	311.66	986.96	44.39	92.30	54.93	630.31	895.58	6.10	708.98	478.59	984.43	520.92	513.87	176.52	607.67	992.15	886.91	322.62	395.12	718.61	147.51	226.33	31.85	66.10	809.62	739.56	698.93	569.00	320.87	680.73	587.10	631.53	667.69	630.49	722.83	721.62	260.80	618.41	726.71	968.78	97.00	711.15	489.70	609.86	886.67	97.37	602.01	773.59	418.99	996.14	492.20	565.51	222.47	523.05	630.61	32.09	262.61	329.54	600.08	582.48	10.26	187.18	214.01	676.95	816.67	935.84	398.57	77.46	554.26	125.28	46.24	650.26	835.43	534.94	260.12	722.10	631.31	
861.14	495.69	50.31	857.28	986.89	614.81	79.74	509.94	245.42	110.83	771.55	573.96	709.91	354.03	583.22	896.09	567.04	260.17	712.75	502.89	657.74	789.22	57.15	782.02	834.46	706.40	617.45	369.40	965.53	339.56	999.72	826.66	834.25	50.02	683.94	821.13	663.83	762.68	331.07	908.26	872.51	102.62	482.21	582.42	455.65	65.44	478.50	22.69	324.61	191.26	524.58	981.35	979.47	580.73	763.37	813.94	287.13	380.83	183.34	252.65	719.39	183.05	79.32	553.63	232.07	762.25	374.77	894.91	524.93	704.84	803.17	397.44	806.46	285.38	978.86	262.10	349.82	457.36	283.80	673.42	
647.62	807.38	654.77	627.09	388.10	418.15	441.03	674.23	797.97	623.36	925.89	517.36	805.42	5.20	70.99	37.49	766.46	444.76	931.40	291.39	149.60	734.57	687.83	955.05	19.95	666.69	217.16	368.76	124.05	499.95	42.19	770.66	307.33	695.96	397.75	694.43	114.10	837.78	368.67	911.08	461.14	294.55	428.44	266.56	298.76	498.43	303.05	65.21	942.20	234.45	355.61	91.79	968.02	43.44	46.85	986.97	709.13	263.00	355.73	832.17	761.96	396.92	602.84	69.29	92.88	999.59	762.72	205.98	837.37	131.39	117.06	298.52	424.94	544.50	564.08	722.70	42.93	866.13	786.91	984.13	
100.58	142.51	75.92	68.60	184.95	121.77	55.57	893.08	383.77	410.31	725.25	145.73	806.22	328.09	214.01	898.10	327.69	975.73	104.08	165.06	107.12	220.14	462.57	531.06	763.64	26.65	253.75	805.57	891.78	40.66	789.70	991.36	182.18	864.63	59.97	366.13	985.39	114.54	259.21	369.16	523.85	983.46	513.89	330.07	311.56	726.90	228.17	638.24	702.64	331.25	802.30	808.75	550.39	264.88	339.81	314.03	290.53	592.57	119.60	182.31	632.23	908.30	173.67	813.41	772.93	232.64	179.54	758.32	346.18	437.75	127.48	869.03	421.22	640.37	199.10	731.78	367.27	426.27	370.02	69.91	
756.52	172.32	877.66	306.91	436.19	217.48	619.94	725.72	809.04	738.53	907.03	441.28	646.84	80.70	254.69	419.76	312.34	433.23	178.08	657.52	869.98	304.57	526.55	291.20	943.94	724.66	22.98	311.21	150.93	391.99	380.12	906.45	563.31	257.78	213.36	998.51	474.25	832.30	724.23	283.30	570.83	631.25	723.58	217.67	710.95	977.26	636.43	23.29	410.49	813.52	679.81	280.48	118.08	206.37	570.68	62.02	930.02	592.66	372.23	80.95	983.65	751.34	986.41	546.96	9.12	199.77	545.47	482.37	32.06	269.69	764.67	601.90	899.95	488.25	818.57	610.90	465.52	455.00	633.19	875.01	
268.51	313.00	155.49	385.59	518.37	725.17	446.61	448.40	317.82	817.84	528.35	301.48	569.18	514.76	847.44	577.30	713.52	392.91	59.67	744.59	661.60	823.35	346.48	561.55	311.60	165.05	172.44	776.11	619.05	804.63	651.12	886.56	117.64	805.61	272.15	635.01	530.78	717.76	83.40	847.61	535.60	610.75	149.08	104.77	125.51	995.52	681.07	838.03	388.43	739.74	582.62	50.02	563.09	928.10	610.57	873.69	93.15	782.01	649.80	711.20	586.64	300.92	597.76	703.28	106.54	868.91	338.29	636.32	586.67	420.69	483.92	122.27	31.44	632.00	226.05	155.94	627.52	906.12	992.97	15.95	
645.86	575.59	64.97	208.95	503.69	674.54	82.63	595.84	456.56	731.43	307.04	43.20	32.36	903.79	745.48	137.89	772.71	83.77	773.21	359.38	503.45	257.13	480.65	533.89	888.13	705.70	688.84	515.66	611.82	681.81	530.60	257.68	257.40	594.58	465.63	760.08	269.12	547.26	355.92	724.68	278.69	661.96	766.88	310.05	565.75	512.36	446.94	338.46	595.13	220.15	696.84	98.58	476.28	177.49	631.47	364.41	882.19	320.31	879.07	494.01	2.12	409.67	750.68	258.51	4.25	216.31	18.60	272.37	762.57	373.52	996.05	41.26	35.48	762.92	350.31	600.23	275.28	796.26	937.69	869.41	
16.41	634.53	966.99	491.69	811.02	598.46	855.10	693.21	917.77	734.17	187.22	918.88	143.84	936.91	177.39	147.09	153.21	194.99	418.46	914.78	567.51	414.51	955.05	601.99	177.43	305.36	202.22	451.72	101.62	139.91	321.13	117.03	773.44	288.11	607.71	584.46	885.57	462.81	277.68	803.34	196.98	463.90	722.22	339.83	400.80	898.62	485.92	553.02	93.61	903.38	467.80	660.11	317.89	422.85	262.10	494.33	727.21	463.32	945.04	827.83	602.22	266.17	943.86	375.66	553.28	551.57	959.12	438.85	14.39	236.80	242.19	210.37	699.70	963.42	549.20	100.50	862.03	35.12	652.52	954.64	
937.50	120.32	614.75	255.39	542.17	875.85	748.71	269.38	339.17	693.76	97.21	940.39	958.92	41.07	316.05	512.20	591.64	275.18	950.06	605.03	510.98	192.25	814.40	210.68	155.67	363.59	310.18	17.70	397.71	961.70	971.35	335.21	82.02	586.10	589.59	623.19	461.95	338.31	891.57	800.12	32.06	987.78	740.51	989.99	28.85	56.57	502.19	619.49	330.74	452.25	224.52	840.72	643.50	38.91	51.40	798.17	401.50	360.58	814.87	798.21	322.27	786.22	133.42	403.29	372.32	722.01	26.48	833.27	60.32	917.04	633.39	91.38	904.82	373.90	81.37	932.67	429.47	582.56	552.16	759.21	
34.81	775.67	599.94	677.31	813.59	650.34	475.47	215.09	10.91	290.35	13.30	332.19	76.57	145.72	734.48	447.88	866.73	759.96	281.15	926.05	677.00	913.54	17.44	581.82	287.45	97.81	514.49	715.92	679.37	66.65	475.13	713.18	841.32	75.07	390.49	654.91	724.40	864.96	869.00	734.32	155.31	881.30	66.51	230.87	27.02	799.99	677.76	892.76	559.94	957.91	818.81	236.94	871.45	835.25	817.77	158.90	932.06	332.26	873.82	611.43	397.91	348.95	324.61	239.23	423.01	714.10	893.14	147.42	579.06	762.14	880.73	733.37	643.44	946.24	963.24	669.47	746.23	641.00	562.22	306.17	
598.91	381.04	542.11	470.36	216.29	359.88	628.27	148.35	691.14	502.09	758.78	89.04	850.03	83.39	327.27	273.05	796.49	220.41	419.46	375.55	981.55	300.20	108.92	625.00	246.44	72.16	294.46	991.66	712.16	855.69	297.83	311.06	236.72	838.94	780.43	452.01	198.82	408.69	599.36	888.96	909.78	358.14	977.00	759.81	440.53	304.27	32.86	237.03	523.69	451.32	611.58	505.24	750.52	719.49	130.24	995.96	790.65	423.70	987.62	502.81	279.39	285.45	812.87	515.11	124.39	593.30	966.12	322.21	1.99	565.48	211.17	910.77	922.62	188.17	670.58	363.16	491.45	702.44	599.18	15.13	
153.76	210.76	519.38	903.28	929.25	648.61	899.24	719.90	72.32	886.86	222.70	350.70	172.31	35.57	864.81	295.70	627.87	830.94	616.91	628.86	396.42	827.09	539.62	319.04	15.26	210.20	681.20	505.71	911.64	280.38	519.84	65.40	490.13	39.21	967.69	419.38	686.83	866.92	139.28	758.14	753.78	360.99	108.85	925.09	395.56	972.66	220.79	23.43	803.60	836.70	651.29	200.02	663.79	190.91	518.06	678.04	400.12	199.25	183.75	311.76	478.63	702.59	376.16	967.77	740.80	343.84	387.15	427.63	210.77	525.43	185.78	963.55	885.42	293.62	888.64	280.98	266.28	109.42	303.42	69.88	
945.12	953.71	268.90	608.91	144.62	785.96	286.95	543.74	984.21	469.70	854.49	462.85	172.29	230.65	430.61	912.09	573.49	816.77	339.72	783.26	342.20	524.50	746.81	227.62	817.12	635.45	507.61	83.41	743.87	810.02	152.29	689.00	763.73	420.19	297.91	907.35	206.15	583.86	451.08	190.36	53.56	305.58	652.21	224.85	535.23	82.82	136.94	108.72	898.59	475.67	890.98	240.79	999.17	637.79	467.41	816.29	273.24	974.02	898.70	17.11	784.04	50.99	705.11	547.77	470.18	3.01	455.12	675.33	585.87	905.20	864.70	638.43	210.78	516.91	862.29	745.00	598.73	998.23	852.72	497.32	
473.90	743.70	737.11	473.07	381.49	204.52	289.36	653.73	178.54	188.06	669.84	961.58	238.05	374.94	509.35	707.24	376.96	963.46	382.57	961.83	868.66	247.26	600.27	79.44	763.17	462.55	823.44	361.90	460.78	676.16	858.22	933.68	419.86	595.33	406.76	800.35	798.85	695.12	454.07	976.39	882.18	123.91	937.96	120.24	497.85	447.31	826.47	873.81	410.77	209.04	835.64	279.43	455.30	435.91	357.87	218.47	897.46	181.31	579.37	358.25	856.47	437.59	291.93	276.33	32.92	697.69	76.67	830.77	392.81	529.74	807.16	274.99	652.65	745.12	394.22	150.51	192.43	220.70	24.32	602.20	
428.73	858.96	880.63	883.04	294.87	238.50	101.51	192.33	418.81	679.88	549.58	275.28	117.48	840.51	550.60	149.40	538.19	626.28	979.17	930.00	156.02	786.32	204.99	807.67	531.44	598.21	957.18	722.87	817.91	980.49	325.07	246.64	839.45	205.70	129.68	134.32	443.20	230.19	325.65	861.01	909.07	874.23	136.29	26.54	714.73	685.89	174.94	252.93	312.17	154.11	182.92	467.19	939.43	386.91	274.86	470.87	984.12	232.03	193.74	802.03	212.53	517.81	48.67	51.98	722.51	177.35	185.30	165.71	406.53	509.95	26.72	315.60	384.18	162.01	341.14	98.91	846.90	515.08	350.84	159.07	
668.19	532.76	625.25	607.62	918.67	899.11	78.49	902.80	131.14	271.24	704.82	342.67	788.05	752.49	393.65	510.55	928.84	577.95	675.26	335.37	87.90	700.98	649.97	471.07	861.99	990.11	568.98	708.89	505.20	918.82	866.95	173.39	451.58	492.21	780.01	370.25	391.32	857.50	273.05	521.46	128.74	976.87	863.13	915.78	729.37	256.77	426.34	658.21	833.72	101.60	992.58	920.62	801.59	642.55	391.69	663.58	632.66	959.67	372.47	137.86	878.49	239.42	310.24	330.07	730.63	90.25	699.33	121.94	946.75	971.37	642.40	75.49	948.25	505.53	990.28	677.61	761.30	416.62	335.82	595.02	
517.22	328.40	515.64	318.81	969.94	906.33	981.38	602.60	866.00	353.85	739.46	744.49	592.27	49.70	74.57	322.90	138.95	772.89	443.84	85.70	744.27	86.24	160.20	692.52	590.76	150.48	370.13	352.06	566.09	704.95	946.08	83.32	33.35	461.72	401.12	3.29	368.04	382.51	604.89	234.04	735.36	344.35	977.54	327.62	393.05	52.11	649.52	531.00	824.00	93.36	615.70	568.27	178.59	774.90	260.79	768.35	924.37	629.92	120.41	490.47	334.86	66.49	572.78	367.21	527.21	972.91	369.50	894.25	355.41	973.39	128.30	90.77	317.73	105.83	417.39	709.78	156.94	66.91	240.77	979.94	
159.27	855.47	548.21	336.86	630.37	807.99	105.21	554.75	437.91	224.63	45.21	771.77	290.12	617.00	138.98	816.33	589.91	507.48	710.59	944.32	480.87	837.89	35.09	797.60	942.72	451.48	507.38	99.66	517.39	747.15	79.60	675.66	602.62	626.81	12.52	232.99	434.80	116.74	786.74	871.71	340.37	830.95	643.48	629.49	447.95	781.46	445.82	37.86	288.94	156.41	981.18	768.81	993.30	16.27	566.41	936.02	466.75	73.78	35.68	983.14	819.93	114.28	658.80	422.55	740.09	670.33	654.55	174.89	786.06	441.29	46.60	126.43	272.24	689.08	754.92	719.20	470.54	200.74	756.06	758.49	
356.16	737.24	527.30	349.46	752.50	93.71	285.48	219.25	166.49	320.16	202.40	985.42	433.44	860.20	407.98	173.53	530.53	62.52	347.42	316.59	502.81	393.01	442.02	774.05	82.09	196.94	493.25	551.64	396.69	249.31	310.13	751.85	985.54	836.42	101.30	738.05	929.13	385.78	956.30	95.62	704.94	158.70	81.04	138.38	18.90	488.02	310.91	548.43	549.54	657.32	864.03	52.35	50.34	306.05	825.41	131.43	501.99	318.66	682.07	897.68	566.96	991.20	649.53	552.50	827.62	749.83	290.55	756.75	135.61	246.85	851.37	839.55	404.55	931.41	976.93	422.45	419.43	287.84	969.88	967.97	
944.16	833.91	20.32	993.50	139.96	844.73	124.93	640.95	163.38	806.00	538.63	729.34	797.19	188.16	281.85	624.81	936.99	571.39	381.56	72.60	817.25	232.93	911.16	221.79	164.34	888.09	643.25	582.77	175.93	613.13	550.74	120.09	447.04	570.06	113.59	586.00	414.78	237.52	226.95	577.17	43.52	764.58	306.51	839.71	951.74	587.35	464.53	888.73	158.75	845.09	960.33	974.99	78.03	871.49	196.79	241.37	759.58	839.04	823.14	934.51	452.17	373.88	54.60	898.21	942.94	167.19	484.21	357.72	403.72	710.16	933.89	446.23	474.74	240.40	285.95	426.48	826.75	749.47	315.21	984.50	
594.57	275.54	959.49	671.59	147.03	156.28	911.96	905.62	994.32	735.11	840.13	446.48	108.99	893.73	344.69	51.93	60.93	827.90	408.65	463.64	538.05	342.54	908.88	12.79	581.94	194.82	438.27	408.69	943.30	752.48	393.19	537.86	28.02	352.68	209.46	174.06	507.97	121.42	79.67	502.29	855.53	918.80	947.77	963.52	812.53	292.46	15.45	872.46	120.36	423.10	336.10	657.41	764.64	244.98	669.20	346.58	438.80	107.47	754.27	382.10	858.95	147.46	918.96	885.97	499.15	128.42	60.03	7.11	248.84	138.70	508.40	104.37	57.50	456.17	67.88	869.04	747.63	82.33	741.49	866.98	
504.43	77.60	524.39	269.07	321.57	193.60	614.65	759.37	300.07	368.92	141.47	159.02	515.38	60.43	44.99	14.52	187.85	104.02	20.64	435.69	241.72	528.03	539.05	298.23	983.20	605.94	167.26	730.83	687.26	907.76	597.81	191.69	984.35	122.20	459.76	305.93	314.80	74.41	65.30	613.87	442.32	205.77	771.89	956.70	265.20	815.88	970.22	452.05	918.91	989.86	886.73	160.63	517.89	425.79	457.86	501.09	31.72	624.12	231.92	717.99	531.88	828.73	908.68	516.23	949.93	368.44	821.16	264.73	441.84	885.46	877.60	883.17	91.23	649.49	839.87	355.42	465.38	810.09	806.47	384.28	
799.95	693.20	543.92	317.84	118.99	1.77	817.93	149.71	624.90	49.84	866.70	156.78	877.57	775.38	672.01	827.50	143.82	493.17	92.23	584.66	378.63	968.83	467.83	468.86	618.32	307.70	823.28	83.70	117.79	629.75	466.99	916.73	322.95	10.90	234.57	440.94	11.68	52.50	589.65	635.57	101.35	456.36	791.35	977.92	231.74	463.37	805.42	374.56	955.54	896.65	958.22	334.17	865.48	426.05	802.03	483.80	732.75	625.31	566.51	849.54	255.07	33.49	766.27	577.02	43.39	999.85	17.96	54.07	52.35	606.61	688.64	152.69	62.97	480.00	130.61	293.71	942.36	935.03	667.26	897.90	
831.67	625.49	232.08	697.15	51.54	34.11	180.96	783.29	658.42	746.46	632.83	912.49	778.95	399.10	489.51	821.35	398.94	506.47	874.42	450.29	113.08	563.06	601.99	175.05	43.06	731.60	467.76	984.42	666.62	135.02	882.32	498.30	759.51	114.39	195.45	810.05	147.50	375.41	593.34	804.93	121.87	226.16	717.41	899.83	624.26	206.92	721.17	23.20	712.38	595.59	472.49	824.46	158.65	74.48	998.51	200.70	805.08	466.27	185.12	471.70	600.29	67.44	969.00	359.80	180.83	164.45	169.85	327.34	538.86	762.19	132.26	659.73	987.35	848.67	559.56	611.61	55.59	280.73	633.82	766.98	
875.32	106.31	591.44	33.97	179.79	589.96	233.67	983.87	56.23	417.79	455.57	655.52	484.23	424.57	15.32	664.06	588.02	184.17	990.40	126.89	945.35	122.66	785.62	932.70	970.34	345.18	544.31	25.93	624.91	178.13	791.91	500.23	283.44	383.35	533.20	462.23	972.31	765.87	446.10	28.53	183.67	900.66	683.05	666.90	325.23	697.37	330.96	912.26	880.54	321.36	39.14	825.89	443.02	823.76	758.60	413.36	168.94	302.91	438.29	792.85	480.04	230.20	293.09	762.48	612.55	825.29	224.71	584.85	591.17	669.81	612.39	773.83	570.47	295.44	440.73	894.70	991.81	770.69	806.96	872.35	
92.06	845.10	698.25	534.08	668.86	456.84	946.44	836.80	758.75	384.73	629.66	238.80	613.93	921.75	1.28	226.48	747.04	224.99	810.33	338.20	893.79	422.72	112.04	464.26	717.16	551.77	358.97	708.97	322.46	165.92	581.32	413.51	11.02	279.57	946.59	678.89	735.41	893.04	515.69	494.16	277.77	145.35	731.96	890.69	67.10	732.24	117.17	813.13	956.23	926.50	151.34	850.02	349.21	262.37	314.28	66.37	813.14	672.25	774.34	135.60	837.18	355.66	548.11	847.20	634.22	494.70	526.09	369.63	387.74	41.78	862.79	664.51	186.13	594.75	555.20	252.22	326.99	671.37	65.36	283.21	
597.87	215.69	133.23	946.08	477.07	446.52	12.45	290.20	118.77	785.79	424.80	954.95	141.45	971.91	802.15	774.68	466.62	328.23	144.31	853.36	369.01	7.10	517.86	554.14	600.85	73.06	805.36	926.84	743.43	869.72	210.06	341.30	85.41	342.29	287.39	561.48	787.81	298.84	850.68	905.58	84.64	275.48	860.53	225.09	247.39	662.67	998.77	713.01	989.91	143.08	566.36	358.92	149.18	84.23	912.05	749.03	156.29	717.41	675.88	898.73	587.13	884.93	240.03	671.54	227.22	526.42	233.01	15.04	824.26	83.69	919.62	907.89	358.18	780.15	132.98	604.57	442.82	131.75	317.58	432.73	
273.82	882.94	790.65	422.00	966.17	702.70	171.03	122.46	420.11	845.91	21.18	7.24	730.84	260.21	677.78	957.07	785.63	909.79	971.10	609.89	992.48	890.72	517.78	350.66	670.87	649.76	954.23	113.69	780.51	271.80	545.42	54.34	154.74	336.06	475.34	120.91	38.76	645.37	242.36	457.87	491.28	262.55	464.11	222.12	521.76	141.89	179.19	307.39	51.68	150.29	916.27	44.16	41.02	434.05	393.82	710.88	83.81	348.05	823.57	863.33	618.85	368.99	916.66	772.59	704.05	392.00	892.50	741.82	37.37	134.87	199.69	527.66	396.41	662.80	748.78	917.17	803.69	926.97	224.56	854.37	
77.27	140.83	897.53	117.28	573.88	291.35	827.17	656.69	638.40	650.74	520.02	257.25	19.73	436.68	29.84	722.79	827.69	921.35	464.60	864.06	56.21	663.29	391.72	451.63	326.09	140.50	368.80	129.78	67.47	592.36	983.15	143.74	732.19	880.67	260.03	306.07	172.02	87.19	961.76	809.42	736.94	481.78	66.67	755.67	917.46	95.51	478.45	745.15	16.86	942.06	609.21	72.07	605.35	999.93	522.70	930.44	140.43	890.50	60.22	206.90	482.85	43.37	349.65	215.04	923.04	608.67	520.11	95.06	694.87	481.87	903.48	431.80	962.65	969.15	187.47	880.11	64.66	664.92	625.26	80.51	
606.98	234.47	151.58	212.33	234.40	673.28	142.77	373.83	563.78	201.99	579.73	46.63	244.36	928.38	260.67	167.41	537.05	779.78	261.47	231.92	261.64	164.95	662.72	224.29	134.10	849.19	104.40	197.76	514.12	728.66	277.27	121.10	962.13	427.85	332.43	196.53	101.13	474.20	569.36	663.91	675.19	149.10	709.54	918.56	77.48	969.21	85.97	613.53	748.99	346.44	844.45	10.64	510.39	507.18	233.93	643.49	356.37	337.33	840.25	869.49	65.99	117.52	989.59	28.12	544.38	322.02	223.65	644.51	795.22	792.02	308.42	470.41	940.12	17.96	388.97	17.59	986.17	473.94	630.13	735.17	
819.38	474.58	744.80	329.78	980.76	977.73	972.27	337.13	315.06	812.52	206.62	380.05	929.05	196.21	407.17	473.43	517.23	629.82	117.94	312.45	421.84	425.36	781.87	361.96	442.32	170.84	378.55	428.49	643.78	8.68	163.66	463.17	482.26	907.46	791.94	463.02	885.19	764.21	799.15	200.25	576.73	5.77	579.30	505.78	200.99	985.46	978.21	717.22	615.29	96.14	29.67	37.13	520.50	810.54	398.09	961.82	980.38	775.64	390.31	624.17	783.32	552.97	87.33	265.58	460.44	878.27	727.60	345.63	642.48	526.75	544.88	219.22	531.52	124.17	724.00	731.51	109.64	702.20	448.73	723.93	
797.35	477.40	760.05	317.85	287.94	158.14	279.67	268.33	932.78	668.98	891.49	716.09	221.96	977.83	980.67	681.39	856.10	708.27	27.02	498.58	235.01	570.90	716.80	765.53	694.07	440.80	497.04	802.71	143.00	944.77	526.64	939.34	422.17	286.69	257.19	709.11	443.83	535.86	976.44	376.61	204.84	867.93	92.70	425.80	845.76	73.38	107.19	701.86	780.64	133.21	200.44	15.66	703.11	916.24	780.19	397.18	357.03	277.23	199.89	499.03	222.00	725.52	438.38	643.17	12.21	694.57	352.28	455.04	230.43	328.72	830.65	434.27	196.65	922.35	859.06	42.41	994.73	965.25	743.26	775.37	
