50
50
50
408    122
352     35
261     26
224    112
468    140
206     61
114     34
492    147
368    184
186     18
337    168
482    192
192     19
109     43
291     58
371    185
216     43
152     60
171     85
286     57
479    143
499    149
181     90
153     61
390    195
371     74
397     79
368    147
369    184
 26      5
 91     18
 69     13
321    128
476     47
183     91
225    112
454     45
 70     14
320    160
386    193
148     29
147     29
320    160
229     68
193     38
 58     23
344    137
283    113
 40      8
251    125
592     31      662
955     40      375
1000     88      444
134     18      505
288     37      654
476     46      626
598     28      623
408     30      410
289     94      675
774     98      383
991     77      445
109     83      658
517     66      568
181     67      418
189     84      520
645     65      481
873     40      301
906     92      380
595     93      674
911     62      475
281     91      576
984     93      677
208     82      305
392     40      327
326     28      311
860     33      506
853     78      375
522     32      555
626     36      460
278     68      629
604     38      391
990     41      421
114     81      550
645     11      635
528     86      472
392     20      250
535     25      307
180     12      394
359     41      460
336     71      281
835     33      577
197     18      204
362     25      485
649     60      445
221     29      670
296     24      304
947     13      472
498     42      517
170     96      231
867     74      693
851.37	839.55	404.55	931.41	976.93	422.45	419.43	287.84	969.88	967.97	944.16	833.91	20.32	993.50	139.96	844.73	124.93	640.95	163.38	806.00	538.63	729.34	797.19	188.16	281.85	624.81	936.99	571.39	381.56	72.60	817.25	232.93	911.16	221.79	164.34	888.09	643.25	582.77	175.93	613.13	550.74	120.09	447.04	570.06	113.59	586.00	414.78	237.52	226.95	577.17	
43.52	764.58	306.51	839.71	951.74	587.35	464.53	888.73	158.75	845.09	960.33	974.99	78.03	871.49	196.79	241.37	759.58	839.04	823.14	934.51	452.17	373.88	54.60	898.21	942.94	167.19	484.21	357.72	403.72	710.16	933.89	446.23	474.74	240.40	285.95	426.48	826.75	749.47	315.21	984.50	594.57	275.54	959.49	671.59	147.03	156.28	911.96	905.62	994.32	735.11	
840.13	446.48	108.99	893.73	344.69	51.93	60.93	827.90	408.65	463.64	538.05	342.54	908.88	12.79	581.94	194.82	438.27	408.69	943.30	752.48	393.19	537.86	28.02	352.68	209.46	174.06	507.97	121.42	79.67	502.29	855.53	918.80	947.77	963.52	812.53	292.46	15.45	872.46	120.36	423.10	336.10	657.41	764.64	244.98	669.20	346.58	438.80	107.47	754.27	382.10	
858.95	147.46	918.96	885.97	499.15	128.42	60.03	7.11	248.84	138.70	508.40	104.37	57.50	456.17	67.88	869.04	747.63	82.33	741.49	866.98	504.43	77.60	524.39	269.07	321.57	193.60	614.65	759.37	300.07	368.92	141.47	159.02	515.38	60.43	44.99	14.52	187.85	104.02	20.64	435.69	241.72	528.03	539.05	298.23	983.20	605.94	167.26	730.83	687.26	907.76	
597.81	191.69	984.35	122.20	459.76	305.93	314.80	74.41	65.30	613.87	442.32	205.77	771.89	956.70	265.20	815.88	970.22	452.05	918.91	989.86	886.73	160.63	517.89	425.79	457.86	501.09	31.72	624.12	231.92	717.99	531.88	828.73	908.68	516.23	949.93	368.44	821.16	264.73	441.84	885.46	877.60	883.17	91.23	649.49	839.87	355.42	465.38	810.09	806.47	384.28	
799.95	693.20	543.92	317.84	118.99	1.77	817.93	149.71	624.90	49.84	866.70	156.78	877.57	775.38	672.01	827.50	143.82	493.17	92.23	584.66	378.63	968.83	467.83	468.86	618.32	307.70	823.28	83.70	117.79	629.75	466.99	916.73	322.95	10.90	234.57	440.94	11.68	52.50	589.65	635.57	101.35	456.36	791.35	977.92	231.74	463.37	805.42	374.56	955.54	896.65	
958.22	334.17	865.48	426.05	802.03	483.80	732.75	625.31	566.51	849.54	255.07	33.49	766.27	577.02	43.39	999.85	17.96	54.07	52.35	606.61	688.64	152.69	62.97	480.00	130.61	293.71	942.36	935.03	667.26	897.90	831.67	625.49	232.08	697.15	51.54	34.11	180.96	783.29	658.42	746.46	632.83	912.49	778.95	399.10	489.51	821.35	398.94	506.47	874.42	450.29	
113.08	563.06	601.99	175.05	43.06	731.60	467.76	984.42	666.62	135.02	882.32	498.30	759.51	114.39	195.45	810.05	147.50	375.41	593.34	804.93	121.87	226.16	717.41	899.83	624.26	206.92	721.17	23.20	712.38	595.59	472.49	824.46	158.65	74.48	998.51	200.70	805.08	466.27	185.12	471.70	600.29	67.44	969.00	359.80	180.83	164.45	169.85	327.34	538.86	762.19	
132.26	659.73	987.35	848.67	559.56	611.61	55.59	280.73	633.82	766.98	875.32	106.31	591.44	33.97	179.79	589.96	233.67	983.87	56.23	417.79	455.57	655.52	484.23	424.57	15.32	664.06	588.02	184.17	990.40	126.89	945.35	122.66	785.62	932.70	970.34	345.18	544.31	25.93	624.91	178.13	791.91	500.23	283.44	383.35	533.20	462.23	972.31	765.87	446.10	28.53	
183.67	900.66	683.05	666.90	325.23	697.37	330.96	912.26	880.54	321.36	39.14	825.89	443.02	823.76	758.60	413.36	168.94	302.91	438.29	792.85	480.04	230.20	293.09	762.48	612.55	825.29	224.71	584.85	591.17	669.81	612.39	773.83	570.47	295.44	440.73	894.70	991.81	770.69	806.96	872.35	92.06	845.10	698.25	534.08	668.86	456.84	946.44	836.80	758.75	384.73	
629.66	238.80	613.93	921.75	1.28	226.48	747.04	224.99	810.33	338.20	893.79	422.72	112.04	464.26	717.16	551.77	358.97	708.97	322.46	165.92	581.32	413.51	11.02	279.57	946.59	678.89	735.41	893.04	515.69	494.16	277.77	145.35	731.96	890.69	67.10	732.24	117.17	813.13	956.23	926.50	151.34	850.02	349.21	262.37	314.28	66.37	813.14	672.25	774.34	135.60	
837.18	355.66	548.11	847.20	634.22	494.70	526.09	369.63	387.74	41.78	862.79	664.51	186.13	594.75	555.20	252.22	326.99	671.37	65.36	283.21	597.87	215.69	133.23	946.08	477.07	446.52	12.45	290.20	118.77	785.79	424.80	954.95	141.45	971.91	802.15	774.68	466.62	328.23	144.31	853.36	369.01	7.10	517.86	554.14	600.85	73.06	805.36	926.84	743.43	869.72	
210.06	341.30	85.41	342.29	287.39	561.48	787.81	298.84	850.68	905.58	84.64	275.48	860.53	225.09	247.39	662.67	998.77	713.01	989.91	143.08	566.36	358.92	149.18	84.23	912.05	749.03	156.29	717.41	675.88	898.73	587.13	884.93	240.03	671.54	227.22	526.42	233.01	15.04	824.26	83.69	919.62	907.89	358.18	780.15	132.98	604.57	442.82	131.75	317.58	432.73	
273.82	882.94	790.65	422.00	966.17	702.70	171.03	122.46	420.11	845.91	21.18	7.24	730.84	260.21	677.78	957.07	785.63	909.79	971.10	609.89	992.48	890.72	517.78	350.66	670.87	649.76	954.23	113.69	780.51	271.80	545.42	54.34	154.74	336.06	475.34	120.91	38.76	645.37	242.36	457.87	491.28	262.55	464.11	222.12	521.76	141.89	179.19	307.39	51.68	150.29	
916.27	44.16	41.02	434.05	393.82	710.88	83.81	348.05	823.57	863.33	618.85	368.99	916.66	772.59	704.05	392.00	892.50	741.82	37.37	134.87	199.69	527.66	396.41	662.80	748.78	917.17	803.69	926.97	224.56	854.37	77.27	140.83	897.53	117.28	573.88	291.35	827.17	656.69	638.40	650.74	520.02	257.25	19.73	436.68	29.84	722.79	827.69	921.35	464.60	864.06	
56.21	663.29	391.72	451.63	326.09	140.50	368.80	129.78	67.47	592.36	983.15	143.74	732.19	880.67	260.03	306.07	172.02	87.19	961.76	809.42	736.94	481.78	66.67	755.67	917.46	95.51	478.45	745.15	16.86	942.06	609.21	72.07	605.35	999.93	522.70	930.44	140.43	890.50	60.22	206.90	482.85	43.37	349.65	215.04	923.04	608.67	520.11	95.06	694.87	481.87	
903.48	431.80	962.65	969.15	187.47	880.11	64.66	664.92	625.26	80.51	606.98	234.47	151.58	212.33	234.40	673.28	142.77	373.83	563.78	201.99	579.73	46.63	244.36	928.38	260.67	167.41	537.05	779.78	261.47	231.92	261.64	164.95	662.72	224.29	134.10	849.19	104.40	197.76	514.12	728.66	277.27	121.10	962.13	427.85	332.43	196.53	101.13	474.20	569.36	663.91	
675.19	149.10	709.54	918.56	77.48	969.21	85.97	613.53	748.99	346.44	844.45	10.64	510.39	507.18	233.93	643.49	356.37	337.33	840.25	869.49	65.99	117.52	989.59	28.12	544.38	322.02	223.65	644.51	795.22	792.02	308.42	470.41	940.12	17.96	388.97	17.59	986.17	473.94	630.13	735.17	819.38	474.58	744.80	329.78	980.76	977.73	972.27	337.13	315.06	812.52	
206.62	380.05	929.05	196.21	407.17	473.43	517.23	629.82	117.94	312.45	421.84	425.36	781.87	361.96	442.32	170.84	378.55	428.49	643.78	8.68	163.66	463.17	482.26	907.46	791.94	463.02	885.19	764.21	799.15	200.25	576.73	5.77	579.30	505.78	200.99	985.46	978.21	717.22	615.29	96.14	29.67	37.13	520.50	810.54	398.09	961.82	980.38	775.64	390.31	624.17	
783.32	552.97	87.33	265.58	460.44	878.27	727.60	345.63	642.48	526.75	544.88	219.22	531.52	124.17	724.00	731.51	109.64	702.20	448.73	723.93	797.35	477.40	760.05	317.85	287.94	158.14	279.67	268.33	932.78	668.98	891.49	716.09	221.96	977.83	980.67	681.39	856.10	708.27	27.02	498.58	235.01	570.90	716.80	765.53	694.07	440.80	497.04	802.71	143.00	944.77	
526.64	939.34	422.17	286.69	257.19	709.11	443.83	535.86	976.44	376.61	204.84	867.93	92.70	425.80	845.76	73.38	107.19	701.86	780.64	133.21	200.44	15.66	703.11	916.24	780.19	397.18	357.03	277.23	199.89	499.03	222.00	725.52	438.38	643.17	12.21	694.57	352.28	455.04	230.43	328.72	830.65	434.27	196.65	922.35	859.06	42.41	994.73	965.25	743.26	775.37	
98.46	942.70	790.03	800.56	858.94	570.22	197.74	215.97	846.46	396.63	714.01	68.46	122.15	152.38	710.63	133.36	845.95	62.91	587.41	76.38	390.63	418.06	509.65	586.28	340.41	368.71	627.69	335.14	333.96	370.95	110.52	431.42	313.66	899.55	231.98	172.60	469.77	428.72	387.57	316.23	824.35	101.58	383.68	945.50	252.96	94.31	78.86	98.92	156.22	665.27	
174.30	545.85	83.33	682.95	132.13	422.74	51.66	758.82	756.89	384.62	129.78	866.40	815.04	442.44	765.95	47.02	614.03	235.72	474.74	1.61	550.95	299.10	102.19	933.63	244.60	354.15	27.94	322.46	452.07	183.16	986.73	625.37	728.02	70.06	308.31	859.15	491.80	358.97	617.97	248.69	742.59	746.75	115.09	557.63	189.18	880.04	603.65	802.22	115.77	78.39	
802.83	665.71	376.49	904.02	599.35	620.08	258.17	626.29	941.54	709.24	808.46	928.28	334.61	536.47	997.34	641.92	395.62	489.14	999.89	13.59	736.83	742.48	759.34	850.93	300.10	947.52	730.97	902.75	749.74	845.74	980.14	552.57	511.45	356.63	456.59	110.80	975.71	713.75	736.09	917.26	422.99	544.54	845.53	756.60	81.01	842.87	398.52	475.63	332.01	398.41	
488.22	68.84	140.89	247.56	918.77	439.99	195.09	649.74	342.74	943.83	495.47	322.89	496.40	6.92	678.52	951.98	116.72	654.23	665.74	851.81	571.48	88.73	396.35	417.02	844.33	476.36	259.89	242.85	950.99	590.90	640.26	439.22	658.74	780.15	685.78	577.51	220.14	879.87	227.24	561.89	823.69	721.72	883.77	320.09	727.64	562.29	272.07	843.36	216.52	936.81	
695.17	787.00	25.54	91.52	204.02	868.87	566.88	462.90	111.73	517.87	53.80	750.99	956.09	711.54	531.14	641.87	289.05	750.29	521.74	515.29	312.17	345.43	237.01	195.95	664.52	963.65	757.23	935.60	807.01	972.75	872.41	502.17	759.75	896.95	592.69	962.77	765.82	159.57	425.67	876.55	676.44	478.47	627.54	632.53	190.01	158.69	274.40	478.06	907.97	795.14	
992.35	220.15	140.57	229.35	415.10	804.09	193.00	172.33	739.69	999.01	145.08	612.09	501.18	903.83	509.04	93.87	866.60	274.87	252.44	292.27	151.42	927.88	769.75	777.96	560.41	958.76	935.65	833.81	436.82	843.63	628.95	429.16	63.77	768.51	657.52	477.87	572.60	849.52	649.20	312.29	848.52	793.28	923.38	349.71	697.11	432.42	442.58	563.71	706.29	694.02	
854.99	856.71	621.89	624.73	634.67	182.30	583.49	570.32	16.11	20.31	413.95	644.06	448.47	476.72	412.57	105.99	953.59	984.18	954.50	602.79	296.46	803.03	396.07	219.85	152.73	93.18	651.27	594.31	655.89	357.56	288.33	510.88	214.27	909.22	135.61	847.94	91.52	718.11	418.26	106.63	737.41	831.20	749.69	185.88	307.92	162.27	290.87	261.51	146.44	245.37	
863.30	441.91	48.40	259.37	660.75	200.13	351.55	312.02	793.44	7.45	668.58	81.76	517.33	881.84	989.98	651.94	729.78	81.51	370.05	148.04	187.14	107.46	978.24	935.84	292.35	286.16	98.10	582.22	546.67	243.54	826.59	409.97	684.45	873.99	668.35	345.20	74.12	19.90	656.23	866.55	26.35	324.80	947.32	542.67	206.65	937.30	194.62	935.43	18.81	563.66	
83.46	204.95	670.13	61.70	140.79	961.47	346.86	237.89	543.69	892.53	480.44	370.28	302.50	164.89	244.26	969.85	509.09	317.38	988.75	165.32	183.93	15.10	489.12	131.25	556.77	694.77	68.55	750.39	630.19	86.37	314.05	712.66	290.32	983.18	773.36	430.11	944.65	120.21	667.00	488.34	12.75	147.43	857.62	314.25	311.32	101.88	284.10	819.42	418.26	272.85	
983.73	601.20	286.95	472.86	731.45	842.72	167.62	799.01	593.10	796.82	884.37	906.15	509.48	174.69	889.33	282.83	603.80	833.98	402.05	270.79	322.32	413.79	417.23	179.94	727.04	727.55	280.83	11.14	546.97	698.09	282.99	530.70	299.29	568.94	3.55	30.74	411.65	170.18	828.75	4.76	966.00	713.12	909.91	475.47	886.81	799.25	757.30	490.60	633.23	159.35	
760.40	954.55	572.14	177.63	134.50	299.18	904.18	414.33	309.32	451.14	112.42	591.32	980.84	410.71	160.25	983.40	440.45	570.91	153.57	269.20	574.67	119.57	981.32	484.58	594.04	868.13	283.83	351.35	358.73	916.06	509.70	119.13	870.61	81.84	295.75	5.11	380.02	199.93	418.43	688.34	650.07	529.85	279.66	630.91	939.56	438.91	614.31	380.02	9.82	766.88	
648.22	583.49	885.46	629.54	68.07	479.50	497.66	350.90	829.85	855.39	266.95	339.54	973.52	137.56	420.38	269.27	141.67	799.40	468.19	559.10	487.74	118.26	88.95	766.40	748.18	28.51	205.31	362.48	407.53	214.14	129.37	55.74	796.62	14.82	684.28	863.69	493.32	181.94	214.59	323.17	37.33	480.54	661.71	10.85	617.10	82.09	279.12	757.77	880.49	746.31	
316.87	368.24	863.58	404.82	134.64	611.75	432.33	338.95	973.24	838.86	552.09	102.61	893.60	348.71	116.43	577.88	212.41	608.75	758.82	426.00	930.92	795.15	905.54	592.63	805.00	522.64	673.72	84.12	280.42	554.22	829.43	596.29	921.45	693.01	1.11	56.09	304.76	432.44	394.04	278.00	271.30	945.13	379.61	164.90	293.85	495.03	741.78	505.25	103.78	500.60	
930.25	34.70	295.75	835.79	626.34	100.76	358.44	300.06	183.88	637.85	853.28	13.31	234.14	774.73	705.32	234.25	829.82	10.08	665.68	223.87	287.08	935.98	169.00	665.69	100.88	461.85	160.72	841.65	966.10	263.51	342.25	896.35	297.21	637.00	732.14	922.55	736.76	90.58	222.61	919.64	727.43	75.89	931.95	960.57	849.62	637.27	194.82	679.44	646.35	859.50	
902.31	932.43	795.48	71.31	598.12	895.36	532.16	757.84	737.01	498.26	21.35	79.26	394.62	317.56	715.26	126.76	240.11	452.02	216.34	461.71	371.65	942.77	536.60	303.60	903.34	386.22	939.86	98.16	65.66	586.21	956.66	966.97	518.65	752.14	38.28	116.77	647.50	569.44	873.61	384.51	67.71	893.95	462.76	461.32	211.51	178.02	587.08	450.62	629.04	802.42	
911.33	999.69	745.19	447.93	303.29	648.53	833.16	243.16	745.68	897.82	828.37	702.34	864.79	347.02	454.48	902.08	462.78	101.97	471.52	336.39	485.48	538.23	230.34	947.24	998.55	440.86	125.27	585.63	890.47	753.31	388.04	801.81	753.00	133.23	249.74	56.29	780.76	82.90	298.45	526.45	979.72	126.82	228.79	844.51	472.83	682.26	746.59	934.62	783.24	218.11	
271.01	268.72	755.34	500.35	215.96	753.88	940.21	340.23	339.51	830.68	93.54	726.56	632.49	845.54	858.79	881.23	900.84	639.55	963.13	199.28	166.00	942.84	325.10	393.78	787.36	796.94	76.05	533.95	731.55	858.28	751.06	2.56	127.00	506.40	501.91	341.97	260.28	442.12	681.20	598.79	272.80	773.74	325.35	904.29	619.29	184.14	785.51	520.12	822.69	748.64	
718.41	987.68	691.49	43.51	381.46	478.84	839.44	456.51	12.79	570.99	314.79	762.85	572.55	440.79	269.24	74.46	781.76	528.52	515.58	462.96	127.32	787.38	236.70	451.66	691.66	854.99	634.80	477.18	375.11	457.48	225.82	93.51	445.16	916.30	136.02	825.63	395.14	974.46	282.13	406.93	545.46	595.92	169.78	118.01	36.72	438.03	191.47	817.48	965.55	706.05	
280.44	92.87	493.43	516.14	543.53	185.09	371.13	178.33	661.27	745.24	634.81	886.08	837.75	79.98	802.39	972.77	904.60	197.53	947.23	186.74	603.47	492.69	781.66	772.25	609.70	817.38	210.27	800.17	634.86	175.82	506.22	914.30	267.69	998.65	430.44	810.22	183.74	800.57	987.55	844.01	545.80	622.36	730.09	383.55	701.34	532.48	356.32	605.94	729.01	303.56	
791.68	332.48	795.25	573.34	104.72	404.94	390.72	313.99	205.11	25.58	488.82	710.33	938.88	755.50	708.98	369.32	565.72	891.72	169.89	553.27	735.73	714.69	175.63	465.82	98.24	875.97	997.30	453.57	481.91	726.31	756.12	273.59	58.79	551.37	845.94	162.51	955.31	236.66	475.50	160.43	261.25	963.32	869.76	200.13	718.82	578.74	568.45	284.54	470.46	737.34	
836.81	206.19	452.02	12.44	671.01	549.27	887.41	668.31	2.83	369.32	394.62	757.95	641.91	452.41	309.32	487.85	613.91	264.64	723.51	89.41	424.06	983.76	52.73	293.82	183.89	770.55	871.56	751.34	55.09	342.02	488.67	890.90	547.21	939.70	902.34	218.23	488.96	789.74	885.54	490.80	159.06	280.16	248.75	799.98	731.56	557.07	287.83	345.47	820.71	11.35	
433.89	244.77	994.11	485.61	537.59	178.00	256.16	409.15	928.34	310.25	750.18	417.01	201.15	297.39	356.71	103.49	514.62	844.67	892.23	400.16	335.47	51.30	679.31	583.22	850.28	410.87	140.29	138.11	755.35	960.00	148.45	189.23	204.77	142.56	673.85	741.36	319.56	929.01	150.52	247.89	239.26	899.70	663.90	439.41	197.09	20.61	541.90	710.71	864.28	434.13	
110.87	199.75	484.43	789.18	781.97	334.71	200.06	921.26	471.81	954.40	881.26	619.27	143.64	86.04	760.83	816.49	826.40	80.38	745.50	975.92	327.28	983.76	875.62	990.18	423.17	72.71	10.79	964.07	782.42	874.07	398.21	892.29	73.82	881.64	681.47	854.79	216.34	880.53	776.06	687.15	834.93	657.32	306.42	977.57	742.36	67.25	794.05	568.76	146.63	539.55	
544.68	472.91	523.31	420.30	463.08	945.49	492.01	472.87	909.56	274.43	346.95	307.77	166.72	419.77	189.40	847.19	274.56	404.74	727.72	50.62	91.90	562.65	706.94	397.32	540.22	449.30	463.56	334.27	18.06	609.19	872.82	561.74	82.10	396.13	981.04	544.19	341.62	473.04	17.06	251.18	746.47	363.00	557.94	912.19	781.77	746.35	759.38	56.34	151.09	487.10	
105.96	241.99	49.75	811.90	638.31	588.96	261.20	101.87	922.23	278.27	710.07	795.05	839.01	791.17	191.18	820.04	335.35	531.80	293.08	351.41	781.98	39.55	713.42	339.92	950.74	495.19	86.27	710.12	550.52	236.36	197.21	655.48	477.35	245.96	467.38	115.66	833.92	727.59	216.53	756.15	5.85	925.60	551.21	843.86	716.76	741.39	663.90	52.11	273.19	955.98	
402.53	55.17	994.54	115.94	394.09	945.28	610.13	479.36	655.39	160.65	714.72	851.61	815.13	192.07	97.57	282.52	306.73	930.49	10.11	522.26	686.64	14.96	447.85	237.85	857.82	164.62	978.24	521.72	215.73	251.43	477.71	617.26	305.60	472.24	732.20	698.70	417.52	342.33	178.06	72.91	501.98	891.78	923.52	317.11	83.85	21.09	598.63	389.59	950.58	607.74	
910.84	637.22	621.70	358.70	874.07	479.52	522.32	852.31	1.24	737.05	103.74	477.95	354.30	408.34	949.19	86.50	107.04	366.71	427.82	284.10	438.63	928.80	175.88	362.15	245.92	258.73	382.24	843.55	647.32	332.82	451.29	558.16	969.04	72.99	915.86	843.11	551.51	438.18	695.42	551.75	175.22	798.16	29.70	528.53	206.51	977.89	614.03	312.54	344.61	41.85	
595.64	782.23	969.65	770.52	144.39	215.57	29.25	525.63	59.12	675.57	857.45	509.41	233.73	826.49	581.39	149.59	669.61	132.90	586.77	365.03	683.64	760.99	163.19	712.34	289.52	368.70	690.23	902.54	680.24	34.84	943.39	275.88	816.07	913.05	46.40	959.46	128.62	74.65	485.09	186.74	749.22	342.54	695.14	981.95	169.03	276.53	131.54	837.63	408.43	717.31	
202.66	92.07	478.30	364.85	803.42	766.82	732.55	493.65	669.37	412.79	527.49	612.76	687.67	343.57	525.81	733.07	303.03	653.43	806.72	787.11	839.16	555.94	129.65	534.30	537.89	297.68	809.84	668.43	135.31	218.26	385.74	336.98	309.34	863.04	700.83	112.76	629.86	433.38	605.41	299.23	845.18	132.90	910.99	532.85	475.46	436.80	265.92	777.49	90.22	72.64	
