50
50
5
462    184
355     35
376    150
323    129
 63     18
124     49
 58     23
109     54
 77     23
 83      8
361    144
382     38
183     54
394     39
297     89
130     13
485    145
 57     22
179     53
133     53
207    103
220     44
 24     12
393     78
 19      1
 92      9
100     40
201     80
450    225
175     87
172     68
217     65
375     75
 15      6
239     23
383    114
481     96
297     59
411    164
298    119
261     52
 10      2
171     68
230    115
392    117
463    185
402    201
315     63
154     46
427    170
892     12      413
472     81      548
495     43      521
634     91      669
335     57      284
524     11      332
415     99      641
342     33      538
912     86      604
421     60      392
640     91      635
269     99      679
316     51      631
995     43      428
489     53      377
821     14      237
688     44      399
536     66      298
626     75      366
311     23      583
775     13      397
392     40      526
934     99      496
803     45      468
214     83      404
559     47      424
259     17      602
979     57      537
885     45      263
295     91      583
701     61      296
346     97      477
901     43      677
164     34      363
545     71      692
981     93      507
704     79      496
706     93      632
303     13      344
779     78      646
631     48      570
765     22      525
362     77      624
256     68      246
716     38      500
212     64      301
159     15      283
694     83      445
834     39      646
178     19      450
700.10	374.99	917.58	992.56	186.68	405.99	503.29	532.82	957.65	772.36	303.88	694.75	294.84	467.79	408.88	20.35	631.72	965.31	340.39	190.95	972.20	893.48	615.94	11.51	128.09	871.77	620.19	696.54	61.19	671.23	900.70	760.30	46.22	818.27	752.86	231.90	224.26	256.15	763.71	181.91	28.51	67.59	875.67	322.35	534.39	284.55	341.71	166.10	249.85	681.10	
356.05	222.06	574.58	970.99	232.56	701.67	842.76	851.76	398.20	902.95	522.99	298.90	663.25	568.20	117.18	416.11	799.10	340.44	671.26	562.81	521.35	698.77	629.41	397.02	21.13	163.79	680.57	361.83	328.90	929.42	42.93	683.94	151.48	616.51	654.94	383.05	318.18	497.70	234.80	715.38	400.65	756.79	14.28	63.90	324.99	130.46	479.01	124.10	469.89	150.27	
685.91	990.25	848.04	315.32	387.27	868.17	478.11	67.84	230.00	806.01	996.26	271.93	489.95	147.74	887.43	144.89	529.79	205.61	641.58	763.59	919.99	42.23	520.38	933.27	105.13	844.37	63.72	583.14	967.47	532.62	732.41	653.38	522.86	580.46	967.70	909.13	448.63	445.81	975.97	677.63	251.82	972.23	948.55	740.77	119.97	835.99	884.66	648.75	41.60	526.24	
412.34	960.58	567.48	931.72	893.85	671.61	776.10	956.57	254.75	743.57	489.19	986.16	396.95	12.05	566.62	364.64	920.18	15.25	809.45	896.15	691.87	61.27	868.38	640.43	801.04	987.34	476.41	685.69	636.10	517.01	211.94	48.44	477.59	778.41	979.16	371.44	450.02	755.26	328.01	703.78	498.82	816.20	689.94	894.77	827.25	256.56	259.41	747.44	270.81	68.86	
643.59	961.68	129.13	511.96	602.11	929.17	499.31	78.52	614.86	135.41	594.52	825.80	182.85	72.11	604.21	162.01	442.56	54.23	916.27	769.57	757.01	415.09	585.77	446.95	309.86	413.02	702.51	568.27	160.46	972.32	636.13	803.05	934.00	764.26	315.01	536.10	693.43	813.32	613.62	308.29	947.72	208.15	134.09	130.57	279.26	737.30	291.58	720.82	790.54	207.85	
490.39	547.54	621.94	76.16	993.49	930.80	488.18	696.00	499.07	647.64	668.32	135.20	450.69	602.32	898.47	764.70	138.42	591.90	578.02	751.04	899.19	525.74	958.19	33.28	655.31	237.45	769.59	945.89	957.27	560.12	153.74	447.65	107.67	774.68	522.81	101.16	705.48	10.99	796.16	204.55	657.63	464.48	338.75	108.32	66.80	237.22	872.02	204.22	828.12	450.04	
954.26	727.31	974.78	912.45	759.60	630.09	149.90	529.18	575.98	107.17	89.31	728.71	553.82	195.98	503.39	76.63	296.14	208.87	86.62	92.30	412.42	743.25	555.78	750.17	850.57	621.58	986.39	722.59	824.80	814.51	172.63	779.06	541.82	147.41	691.51	301.42	776.49	840.42	829.61	352.47	946.58	917.92	81.18	500.40	113.89	583.57	576.03	409.03	791.44	661.65	
500.32	203.86	404.90	56.10	953.03	255.48	676.68	939.42	977.07	501.48	753.94	149.70	280.54	295.76	296.11	971.06	596.18	72.60	811.47	425.79	424.06	758.06	343.71	504.25	258.46	456.60	87.82	833.50	864.63	878.26	495.15	364.95	82.13	899.05	420.05	35.16	154.53	96.74	973.58	131.60	597.22	727.52	280.30	876.76	23.28	575.41	847.82	618.47	647.01	659.29	
44.26	71.07	417.35	386.97	574.32	674.81	842.57	661.14	508.31	707.19	539.40	3.46	72.14	620.53	901.51	491.20	654.69	56.04	586.93	628.27	186.64	184.15	355.79	465.94	60.91	378.08	41.35	907.73	995.54	687.35	567.03	39.80	757.42	983.38	425.77	331.74	658.20	268.34	991.88	166.51	974.53	531.28	168.96	46.67	151.80	70.47	536.86	805.49	125.51	123.80	
433.76	311.15	306.95	788.55	776.09	366.86	166.63	816.44	274.59	162.17	503.80	840.62	200.97	261.22	824.00	625.74	591.96	482.20	893.08	583.83	647.70	867.61	115.11	815.67	913.27	265.91	885.14	450.14	71.40	10.65	572.93	504.16	320.80	878.88	292.72	96.90	245.74	458.34	912.34	519.33	619.51	416.13	359.96	819.49	676.35	183.96	445.23	268.31	665.16	338.31	
851.15	312.86	205.91	965.26	128.53	119.19	231.17	13.67	568.33	301.57	23.32	141.26	804.73	343.13	20.14	97.45	439.02	264.88	554.79	351.36	783.22	174.31	766.50	143.17	992.80	442.85	326.13	438.03	710.16	990.29	775.34	561.31	303.15	980.25	526.57	430.68	99.44	756.74	443.35	666.77	58.31	465.67	807.03	862.05	807.80	826.17	958.50	246.82	91.05	513.29	
597.18	873.27	686.60	363.68	16.44	679.40	805.53	341.57	117.42	515.70	331.86	891.76	77.01	634.01	872.01	602.58	64.69	970.45	359.32	507.04	637.22	416.63	971.71	444.25	278.67	779.51	270.42	237.17	26.33	360.47	749.46	622.52	233.73	436.06	985.20	249.17	115.45	790.73	589.74	231.88	306.43	920.61	123.64	382.44	554.62	994.65	984.02	618.31	965.10	343.33	
125.36	602.32	758.96	97.07	46.57	37.63	875.58	315.99	273.80	900.92	675.46	23.26	523.43	908.19	458.32	508.63	157.36	572.78	299.37	746.11	803.66	604.79	666.71	926.29	986.23	221.33	920.94	970.25	838.64	886.04	313.58	963.00	488.37	72.54	60.08	533.94	109.17	934.66	848.92	381.98	835.58	524.38	404.24	359.01	432.57	861.57	866.64	588.93	434.35	166.01	
335.04	238.00	769.80	1.75	164.29	756.04	222.08	85.24	726.29	60.72	970.28	39.87	23.73	458.64	111.41	82.80	991.58	219.58	17.46	840.51	600.56	852.04	364.89	4.80	211.05	796.46	865.37	77.69	385.39	299.72	242.70	719.43	536.72	12.51	720.18	700.01	767.55	941.26	784.25	493.83	1.98	754.53	532.70	24.71	213.17	643.10	106.51	204.75	861.68	122.98	
45.26	462.24	974.01	409.14	466.05	185.07	205.60	331.42	261.76	589.99	630.13	503.46	309.42	166.85	514.97	29.60	865.86	282.52	969.86	650.11	775.35	970.84	404.63	308.05	994.56	616.80	950.15	101.07	820.55	811.84	223.05	864.81	274.08	197.06	273.95	739.13	381.13	478.55	70.54	641.89	68.54	699.68	145.35	376.96	865.52	659.32	405.56	731.38	940.84	375.42	
381.49	716.20	346.27	785.13	24.24	340.82	401.93	973.40	440.89	222.48	785.24	662.94	87.29	59.32	859.00	360.25	797.45	240.13	837.80	866.99	881.02	905.35	566.67	26.37	282.31	432.19	684.69	686.87	163.58	625.54	62.30	544.07	341.73	407.56	329.19	364.98	747.39	730.12	338.37	188.28	951.61	123.61	850.22	38.90	181.93	709.23	398.15	978.37	948.36	235.95	
845.36	829.37	141.30	412.03	854.74	422.61	843.22	539.43	109.48	6.80	164.97	170.78	549.86	505.70	577.34	878.06	869.68	324.73	608.18	208.05	512.01	559.79	330.66	362.24	597.69	511.59	71.46	994.84	489.96	19.82	230.79	335.32	848.19	371.09	746.35	702.93	792.70	589.58	242.36	901.18	595.37	406.33	71.96	145.24	911.03	648.30	23.29	780.70	972.03	630.48	
987.75	484.05	190.27	318.41	845.28	786.96	829.00	915.75	781.80	318.96	934.57	12.60	653.28	782.76	382.69	399.64	485.69	175.39	988.21	727.05	76.57	583.59	133.38	147.53	727.82	44.41	794.84	750.12	824.11	766.87	380.59	811.87	250.92	569.86	130.28	96.20	356.82	958.28	11.95	138.62	277.24	945.51	150.22	929.52	728.27	531.91	329.16	213.96	706.30	317.37	
940.01	781.87	899.96	73.39	928.40	627.78	116.79	723.24	377.90	939.91	490.11	757.49	751.77	740.02	327.35	881.05	835.22	683.17	839.33	846.17	820.79	116.57	791.68	970.01	46.08	519.95	501.92	374.24	732.91	208.21	690.61	672.92	989.08	590.56	745.31	917.48	218.34	861.10	640.72	595.24	801.01	130.82	352.73	552.78	869.85	679.08	433.83	705.07	362.25	273.16	
551.23	183.04	388.73	342.92	153.05	433.81	861.87	653.97	807.05	594.78	861.18	497.66	267.70	850.26	88.23	13.00	767.74	305.57	873.11	408.46	899.81	674.11	538.29	252.53	226.89	408.13	930.61	659.73	113.20	292.86	931.89	663.44	474.90	320.62	6.35	626.95	753.43	867.22	280.92	560.48	462.00	142.10	58.15	728.70	991.36	145.37	740.70	759.11	449.94	613.81	
167.57	349.75	287.92	704.86	601.28	513.81	112.99	531.89	173.54	225.20	823.75	105.43	887.63	298.65	425.05	892.98	924.60	178.48	760.20	205.52	737.97	222.20	346.63	795.11	949.89	337.99	939.49	690.59	97.10	389.43	304.40	263.67	738.17	591.31	967.53	339.45	105.13	80.52	870.34	277.66	304.72	694.10	382.09	192.35	991.75	806.14	85.33	916.35	983.63	844.53	
121.88	721.59	66.72	467.50	516.71	16.61	804.49	456.19	706.20	900.59	844.62	10.60	164.25	582.79	600.91	131.78	921.24	705.04	211.30	791.59	981.70	515.02	485.68	363.80	706.37	477.43	169.94	790.70	393.79	153.57	635.22	514.66	874.16	700.95	981.17	390.87	716.56	785.66	846.07	422.76	686.24	690.68	432.36	849.50	273.47	33.28	980.28	194.72	737.32	191.58	
985.31	719.02	705.60	470.99	82.82	411.97	947.42	251.76	202.67	341.21	404.33	836.89	854.87	278.50	537.84	836.04	668.37	254.40	621.69	514.44	676.16	307.94	205.12	108.53	157.43	477.59	140.81	137.71	671.31	877.12	328.29	656.62	596.15	33.89	127.60	677.97	444.86	75.02	928.73	646.53	415.23	333.06	483.41	270.10	610.56	21.25	106.14	278.93	274.65	726.83	
792.36	949.81	34.76	996.48	58.34	191.20	474.08	198.14	327.91	145.39	75.27	655.20	801.00	670.41	688.09	927.61	348.38	132.95	2.63	277.11	778.48	416.86	609.17	261.89	685.96	219.73	282.14	791.10	497.66	555.79	517.93	290.03	505.60	551.69	286.51	562.94	741.89	759.59	760.08	69.79	903.98	834.35	724.00	704.98	504.76	412.09	632.59	852.15	544.04	634.22	
129.26	322.52	51.08	737.43	583.41	736.05	956.16	864.55	527.15	453.83	420.34	45.07	742.86	924.95	595.76	29.37	487.89	337.65	787.96	247.97	406.44	691.93	82.32	130.44	396.91	586.08	541.53	29.50	438.23	85.57	662.72	566.48	407.08	712.80	303.91	989.49	448.85	260.08	854.04	975.00	712.91	274.39	20.07	455.76	199.33	614.83	484.13	686.22	951.48	272.09	
933.19	357.93	963.02	15.50	487.36	359.94	600.58	28.89	388.44	38.81	113.45	51.16	604.30	519.54	762.96	907.21	509.03	211.81	167.29	363.07	186.81	879.20	636.46	205.88	334.96	834.79	819.72	818.09	521.01	771.20	90.18	454.19	129.12	53.21	468.70	615.49	412.14	69.28	643.38	799.58	107.09	755.83	849.74	710.39	275.37	612.70	617.60	783.40	823.51	783.89	
146.47	10.33	663.08	781.92	215.21	997.04	616.71	34.93	815.13	137.72	805.13	904.32	590.92	933.25	956.52	59.61	548.74	368.66	127.90	192.12	168.24	233.99	946.95	17.98	943.38	222.32	629.67	560.97	5.72	453.19	344.86	151.19	462.51	7.94	932.11	676.72	4.98	548.82	710.65	819.12	685.55	515.78	723.43	276.46	449.03	679.96	335.08	996.77	48.62	461.97	
188.89	215.86	694.96	135.84	232.84	638.34	357.16	861.51	199.31	361.88	314.69	543.17	512.07	776.20	550.12	444.18	452.92	554.10	992.00	163.57	373.22	677.55	678.35	96.65	953.01	127.38	775.61	288.09	124.15	823.23	749.06	312.04	39.09	444.02	446.88	270.92	82.36	803.04	132.43	280.68	164.92	446.13	822.85	675.99	222.33	372.97	120.17	674.26	926.06	112.17	
836.83	299.28	788.71	515.18	394.93	741.73	641.56	170.54	29.81	764.70	992.77	777.88	76.74	31.86	221.90	522.61	301.78	303.26	325.65	433.21	582.94	489.57	878.34	405.79	165.56	100.67	777.75	284.73	773.93	703.82	395.89	610.76	3.10	184.61	125.94	397.03	925.33	766.50	566.58	954.15	531.20	559.35	732.02	606.94	590.20	952.92	129.55	890.98	256.19	454.20	
324.20	838.12	942.78	202.54	243.91	108.34	302.21	21.66	392.07	76.15	724.48	786.96	685.91	726.58	970.57	810.85	123.62	895.90	577.35	689.19	850.05	108.55	248.54	582.07	714.49	837.74	534.99	843.04	728.72	790.18	297.24	52.92	628.30	240.02	254.46	871.21	347.36	555.67	891.87	738.43	630.82	616.36	525.39	316.73	342.94	495.96	127.58	465.55	391.86	703.93	
154.74	241.91	811.49	402.28	822.98	525.98	240.02	357.97	369.02	967.75	148.15	665.26	20.67	775.45	904.28	274.13	646.66	251.65	828.80	538.54	989.08	459.62	154.89	514.47	775.35	496.83	10.44	901.94	961.38	401.30	605.87	116.13	642.21	417.36	517.41	465.19	942.33	756.43	822.16	311.35	724.18	969.31	975.61	743.85	744.76	879.90	17.98	391.43	131.55	845.78	
928.97	120.63	305.40	83.86	634.10	80.75	579.69	643.54	981.69	541.07	44.84	587.56	656.20	686.05	4.92	173.61	151.24	946.25	929.04	972.40	257.61	653.22	941.71	233.22	397.07	686.48	113.12	414.04	77.91	243.67	259.82	6.87	363.29	564.23	89.73	996.39	643.98	668.42	639.93	625.67	209.49	683.77	213.23	864.69	369.81	217.15	38.30	520.05	163.40	966.34	
492.45	420.01	619.56	434.16	652.23	16.62	120.64	764.35	429.67	197.55	8.01	688.49	203.42	370.30	252.72	292.15	366.70	895.70	959.57	6.63	521.37	169.06	689.39	733.60	33.75	59.21	949.75	71.05	578.25	113.15	37.38	70.70	532.16	655.94	503.87	184.39	671.56	623.51	947.74	101.23	820.06	954.75	788.72	23.48	325.06	41.44	314.63	690.75	936.14	274.20	
696.38	457.50	442.26	385.78	191.10	475.01	443.98	140.85	545.06	22.23	253.01	581.44	91.94	784.17	237.38	594.80	967.57	907.94	218.31	915.30	9.17	38.37	870.06	796.89	60.84	195.11	837.33	374.47	884.87	773.47	647.67	581.25	230.97	89.93	966.03	421.08	563.94	410.01	560.93	109.00	431.24	812.94	689.44	522.18	597.11	925.82	116.98	564.68	833.76	334.29	
479.98	841.93	371.66	350.04	638.82	431.50	544.15	476.15	804.97	429.02	249.62	452.64	10.27	479.59	541.58	975.29	899.66	105.52	385.30	460.59	213.52	815.54	273.53	901.96	337.71	869.65	827.78	453.69	434.32	661.54	786.98	913.30	503.48	158.64	263.34	142.30	589.14	806.49	617.45	394.11	235.51	866.07	845.75	244.77	345.66	387.33	220.06	245.32	491.85	604.36	
704.92	704.37	419.90	977.45	606.33	756.61	847.10	434.12	210.31	281.42	95.66	996.29	194.72	598.14	154.93	457.06	739.43	743.06	263.56	356.88	137.17	498.06	222.95	981.92	741.84	567.61	369.25	960.90	811.93	860.10	565.26	516.85	564.47	984.16	494.30	170.80	740.77	341.39	603.92	950.07	621.81	698.58	946.36	815.54	296.71	101.29	272.60	36.15	843.35	535.16	
392.03	979.52	33.22	613.98	961.45	774.05	181.59	330.70	734.95	992.52	190.80	300.21	509.37	754.27	284.37	3.66	924.07	25.13	344.06	527.98	974.20	964.87	226.56	920.56	780.41	522.27	21.85	53.01	557.42	864.20	587.16	948.45	843.73	619.38	562.43	805.18	393.44	743.02	135.88	128.39	735.54	325.68	427.60	244.91	79.94	710.97	247.57	4.01	735.10	590.63	
530.99	709.30	555.50	756.55	629.87	335.91	278.83	650.72	387.92	835.25	514.92	974.08	783.70	358.65	593.47	346.13	163.83	985.90	89.15	298.71	114.29	823.69	623.38	540.89	68.59	702.33	251.86	315.16	705.34	985.96	904.79	236.33	695.27	460.30	991.89	325.13	795.20	270.72	974.86	183.12	105.96	489.78	157.20	888.66	847.43	749.67	234.79	11.26	735.57	322.94	
308.97	848.87	146.63	931.35	389.76	214.23	633.67	640.62	528.39	339.01	626.58	433.19	574.34	321.85	892.48	566.23	645.98	687.69	835.95	620.84	869.81	940.91	110.62	27.01	829.57	957.05	775.68	64.37	967.31	511.26	386.31	276.27	360.12	531.94	207.62	748.88	745.17	840.30	389.50	273.56	179.31	16.08	705.75	752.65	336.93	598.23	318.88	981.91	285.91	154.83	
602.75	155.72	95.74	712.36	181.73	924.31	669.41	956.42	987.68	636.72	467.67	373.99	911.99	826.79	904.93	119.61	575.67	650.10	958.91	964.17	922.66	138.22	979.25	628.41	889.87	316.18	226.64	208.76	298.09	511.55	362.59	899.83	666.27	457.33	612.20	847.01	381.64	281.60	803.42	369.32	917.32	271.10	742.32	829.31	97.89	647.25	947.93	672.56	297.35	906.84	
636.73	220.01	45.06	615.99	847.42	933.93	931.17	74.06	142.69	229.25	584.61	504.28	129.09	250.88	960.61	740.28	97.89	342.25	21.89	900.31	710.58	938.21	171.41	452.89	767.52	268.29	100.14	715.45	939.86	396.49	622.29	576.59	615.50	666.35	192.57	462.92	600.28	123.74	535.98	741.97	351.99	120.59	246.25	480.08	370.47	206.85	220.36	467.36	548.10	241.25	
367.67	258.68	179.46	538.08	710.57	945.99	805.37	809.71	661.44	745.23	206.20	283.73	321.82	820.70	949.08	513.39	283.63	549.36	636.13	818.61	291.33	987.12	938.20	536.57	467.20	308.68	742.42	686.57	775.04	290.53	926.82	142.71	548.21	106.28	679.78	258.78	52.27	485.16	68.49	712.70	230.38	273.69	995.43	551.20	94.39	944.51	64.59	377.02	493.87	699.71	
195.63	784.20	686.84	133.84	320.77	154.04	441.52	63.19	839.60	216.55	352.72	766.42	358.26	899.93	871.70	38.05	158.71	922.97	522.20	226.20	635.67	751.58	498.89	631.11	302.78	592.28	575.62	366.37	968.31	69.49	66.08	163.94	852.68	751.92	296.78	173.45	904.96	737.29	235.64	744.56	952.84	587.37	510.98	311.10	487.30	382.68	348.15	645.00	305.65	869.35	
870.20	940.33	620.94	369.09	571.44	922.72	960.38	147.05	289.09	928.68	215.54	354.17	92.62	68.23	106.09	388.39	240.68	11.05	125.69	475.32	754.61	78.53	62.69	265.59	388.63	548.98	647.27	735.78	193.99	951.93	605.14	64.19	892.25	226.07	432.28	463.69	148.79	392.66	609.74	436.87	321.34	824.29	790.04	412.96	891.51	895.13	800.35	132.19	905.18	925.04	
606.51	659.79	3.56	668.20	924.37	391.20	217.18	571.65	126.98	410.17	523.57	731.12	473.36	415.82	956.19	904.64	878.51	104.98	297.30	488.26	540.85	617.64	312.54	330.90	30.59	204.06	226.03	829.95	335.25	131.21	754.98	940.76	790.00	757.55	608.96	714.37	148.74	825.14	286.02	274.73	235.31	808.59	5.85	707.67	224.41	961.03	612.32	102.93	66.01	908.62	
590.18	605.87	526.25	901.73	935.76	555.85	105.78	161.79	385.79	440.03	292.01	140.78	380.79	82.00	897.32	988.75	795.37	46.07	813.89	81.39	319.79	49.21	888.98	324.64	755.88	113.39	285.67	368.20	215.31	350.69	276.81	804.50	955.55	802.07	706.22	891.32	357.92	811.01	53.11	742.71	251.04	344.12	882.48	630.83	425.12	779.81	619.58	220.49	824.87	433.47	
300.88	144.67	481.68	189.86	468.30	237.56	302.25	752.98	604.75	516.56	103.66	880.57	321.06	59.22	682.63	27.28	949.53	40.55	837.29	2.64	782.26	88.33	345.76	664.74	718.15	769.88	444.55	337.73	989.37	269.42	770.20	290.25	413.08	251.88	479.11	880.39	488.43	780.36	633.37	93.19	296.92	736.03	972.75	616.97	794.25	655.39	643.25	743.78	694.93	480.54	
745.42	477.19	567.86	91.18	141.93	286.02	860.06	585.48	622.75	849.43	853.90	392.95	139.68	266.98	643.83	617.79	147.37	132.26	398.15	779.74	224.45	694.07	515.77	197.20	311.04	310.01	851.58	953.29	53.79	546.52	433.83	798.21	23.71	1.69	888.39	164.64	286.71	748.45	749.12	908.46	597.87	603.01	301.41	736.56	869.00	944.24	354.35	16.37	76.50	751.50	
795.10	299.94	445.57	310.87	496.14	755.61	619.89	347.72	708.90	672.68	893.24	142.72	470.89	915.95	143.42	359.28	80.58	429.13	107.73	828.70	337.59	704.60	431.72	638.00	441.16	300.71	582.23	794.51	316.08	657.73	546.01	111.18	956.67	990.58	421.06	452.81	746.18	40.94	799.54	455.08	712.62	692.77	596.80	183.51	608.72	739.22	541.79	688.30	168.34	648.52	
517.01	504.93	353.12	947.72	142.92	793.28	248.43	724.15	587.79	563.51	381.88	133.80	673.70	338.56	124.38	94.75	790.37	869.56	134.69	589.90	324.64	846.31	282.68	920.44	29.83	890.40	659.66	570.62	578.70	827.00	219.14	95.71	331.93	571.26	43.43	473.85	364.55	290.87	198.01	951.34	853.38	578.89	85.14	527.08	916.45	208.52	620.83	706.82	78.08	754.52	
