50
50
35
490     49
242     24
175     17
225     67
 80     32
453    135
141     70
489     48
365    109
420    168
259     25
401     80
281     56
 28      5
460    184
132     13
317    158
281    112
208     20
 13      5
402    201
108     21
299    119
 57     17
275    110
195     78
284     28
396     39
339    169
271    135
349    139
353     35
469    140
253     25
341    102
165     82
423    169
380    190
455    136
482     96
 10      4
360     36
368    110
444     44
275     27
109     54
319    127
384    192
297     29
280     84
354     30      316
984     52      596
915     84      505
616     83      389
595     76      258
475     73      511
957     37      423
468     66      490
258     29      523
815     96      513
219     72      235
143     88      645
187     95      621
901     13      339
235     77      547
229     16      271
971     87      558
597     73      623
375     59      639
543     99      457
306     33      665
695     19      236
377     41      570
689     52      423
800     53      615
850     60      582
748     47      222
378     23      274
197     23      514
563     81      420
406     84      371
414     88      630
200     61      562
557     57      676
420     69      565
939     45      620
611     43      232
184     69      534
993     99      410
413     88      556
870     21      346
404     30      692
749     11      500
748     16      514
257     40      578
178     69      347
299     91      331
235     10      435
700     69      516
766     61      270
870.19	732.89	727.33	639.55	511.83	483.29	294.47	435.74	827.64	486.84	657.08	623.79	480.69	869.33	480.48	808.13	369.42	62.81	160.48	96.84	87.81	81.26	202.73	84.45	105.64	20.62	760.99	543.99	937.11	977.17	398.81	807.30	710.06	126.14	446.85	221.89	608.43	740.32	656.63	436.08	227.16	313.71	59.87	706.84	183.04	539.35	514.97	551.46	601.16	674.45	
647.30	687.97	754.71	849.03	771.42	859.35	868.64	532.41	403.34	805.75	509.58	801.15	613.05	219.64	926.29	59.90	440.54	534.72	799.21	97.17	969.80	26.37	409.88	29.67	732.21	591.92	568.02	247.19	143.38	169.17	920.63	789.68	856.14	675.34	638.70	627.56	534.69	507.34	159.97	937.03	313.10	668.55	738.18	925.14	887.20	664.46	984.04	327.73	199.19	783.25	
423.91	168.99	808.62	832.79	197.66	540.84	424.71	764.68	787.02	567.09	932.85	707.66	356.76	789.00	383.00	994.46	416.56	916.70	501.81	575.53	853.72	813.90	244.09	591.90	739.04	131.28	256.36	723.08	458.02	454.55	506.33	880.92	622.54	314.96	713.71	819.21	854.79	138.42	583.89	641.81	704.51	516.74	349.47	61.27	305.73	731.47	55.73	721.29	648.17	556.54	
296.82	501.89	370.44	539.91	93.79	109.49	670.19	349.16	831.57	128.21	802.71	337.90	9.14	425.25	651.86	721.85	244.46	506.65	859.27	827.35	148.47	563.78	344.08	496.94	624.05	648.82	228.41	678.78	370.11	875.58	235.33	665.93	377.47	604.77	205.84	470.26	713.26	875.03	818.42	544.83	3.24	621.13	881.73	11.38	46.38	533.59	732.23	289.84	40.25	591.50	
117.19	187.71	155.28	460.28	683.65	778.33	109.09	911.06	457.12	478.20	786.64	691.44	144.14	164.11	296.21	348.98	633.38	9.47	224.01	451.80	553.30	226.25	72.92	435.03	236.63	118.31	967.63	967.86	407.15	7.87	559.36	523.34	194.59	713.65	982.62	877.23	491.98	91.71	788.29	948.10	568.92	574.93	639.54	712.05	738.05	934.76	61.03	371.42	943.23	284.04	
822.22	496.53	509.29	894.14	930.56	744.92	12.45	898.19	712.78	418.60	905.06	272.15	940.95	99.65	984.79	923.57	975.88	476.77	15.28	764.18	424.87	583.19	339.11	64.41	295.25	77.16	998.17	355.27	447.58	941.40	638.31	269.80	437.93	147.60	163.94	368.49	891.52	175.39	266.68	604.30	592.99	171.75	875.45	533.94	270.40	860.24	457.51	246.28	337.01	471.78	
10.46	760.88	54.98	348.57	824.29	349.22	424.73	822.46	703.50	871.31	763.86	341.81	141.11	201.78	488.41	304.05	569.27	379.93	478.44	834.95	983.23	71.44	6.70	858.68	604.38	276.09	718.92	61.88	521.37	55.94	532.67	530.83	815.82	586.64	878.40	640.11	934.87	303.13	462.57	638.36	174.45	226.43	979.17	314.56	427.21	467.58	617.61	995.48	846.51	96.06	
830.43	829.74	166.49	836.13	688.42	769.87	112.22	407.35	830.75	632.59	462.28	363.41	163.42	278.10	949.06	41.82	917.21	883.92	343.95	379.78	522.29	517.40	605.20	501.46	830.96	32.41	968.04	448.58	27.89	814.55	543.63	857.32	644.29	709.12	693.45	332.71	478.99	804.66	739.06	309.74	437.25	201.34	672.15	599.66	478.44	621.21	640.48	395.65	505.13	983.43	
774.42	27.42	500.83	379.63	527.88	331.80	411.04	495.92	779.37	437.93	310.47	323.01	295.25	953.76	32.13	987.70	286.47	510.12	792.36	25.53	818.86	229.61	225.87	491.01	828.27	703.31	112.22	468.75	98.95	616.35	452.18	872.38	642.77	952.02	252.00	170.65	283.82	662.04	665.58	63.19	99.97	975.05	385.20	394.22	928.81	416.33	381.92	215.28	925.45	174.28	
239.81	744.30	402.88	464.68	235.31	231.15	167.99	346.53	698.90	265.94	961.88	151.09	138.32	604.65	103.10	389.32	774.30	385.92	51.36	439.88	448.11	150.34	414.93	832.31	543.56	343.74	248.63	924.48	558.02	174.08	98.76	796.83	917.38	500.65	261.52	152.70	730.80	428.50	498.23	429.70	693.45	460.11	579.79	830.76	64.76	681.89	220.08	838.06	67.81	270.45	
277.94	514.92	419.78	691.87	347.23	962.34	35.61	594.86	886.83	592.63	767.94	984.59	389.47	685.33	485.23	649.98	837.03	216.03	78.49	335.26	644.74	770.93	794.36	224.53	601.69	858.12	905.42	820.78	696.19	972.23	91.22	973.13	487.16	510.01	665.01	833.39	472.35	699.62	428.26	359.18	292.25	196.20	343.77	680.72	880.53	828.00	330.70	717.55	44.04	408.19	
52.81	687.77	179.12	846.17	911.30	779.82	704.30	816.72	600.59	400.49	788.95	690.82	373.62	276.11	200.82	38.63	109.50	672.17	737.24	536.76	31.35	29.50	731.96	374.12	709.22	612.48	202.12	39.92	330.04	245.15	447.11	381.85	931.93	625.23	228.02	843.22	405.05	931.32	659.94	5.65	331.81	448.89	695.46	704.43	724.00	895.29	742.05	832.51	567.46	479.30	
369.26	597.81	507.80	101.22	970.93	217.01	712.70	173.05	255.93	42.74	417.20	702.04	423.58	349.13	327.28	650.61	192.35	731.33	581.93	851.29	735.98	912.73	300.19	431.44	617.16	24.19	326.72	359.21	855.70	893.19	837.51	224.96	491.00	345.31	325.18	461.93	561.32	37.88	633.98	816.25	79.62	51.18	518.30	502.20	399.30	844.58	152.81	590.65	575.91	733.73	
441.95	311.88	646.46	741.13	742.32	263.62	764.33	69.05	621.84	620.02	961.23	459.35	843.98	452.23	803.66	169.16	913.16	364.98	206.04	547.13	181.23	284.66	597.31	698.53	785.86	995.61	543.11	937.66	586.27	119.02	671.40	28.21	429.90	317.86	768.35	172.23	580.48	532.67	240.27	202.32	152.69	201.51	660.67	995.68	652.74	464.33	164.84	565.89	828.31	369.87	
113.02	9.54	653.53	709.33	707.08	439.39	704.94	250.19	377.05	291.21	368.21	48.45	318.42	797.12	365.31	86.77	968.34	944.79	618.44	208.62	147.11	770.13	409.12	806.79	765.81	61.86	271.12	929.65	626.75	99.43	299.52	738.77	107.97	952.05	448.11	814.05	391.44	153.05	64.24	767.49	443.26	431.46	814.93	760.68	228.57	180.24	846.45	196.92	125.03	464.89	
404.54	271.14	235.03	812.66	77.93	999.84	873.52	348.04	929.49	500.27	446.47	229.01	239.04	553.44	181.06	686.15	367.49	571.50	838.20	430.74	338.99	281.46	861.19	153.92	42.14	89.77	333.16	887.60	285.69	457.19	352.49	689.23	727.33	586.52	501.89	804.26	586.35	375.40	152.31	515.84	874.67	597.78	743.85	113.72	151.22	923.91	798.87	517.71	495.41	637.07	
947.45	833.40	917.53	808.64	986.32	958.68	897.41	319.48	846.27	183.10	775.67	198.76	871.33	503.01	784.28	373.21	307.27	370.63	747.62	458.57	885.47	622.29	56.35	629.32	735.01	206.57	553.23	533.87	723.28	48.64	170.94	670.73	881.03	88.47	479.38	867.35	47.15	376.79	186.84	892.42	558.89	961.51	91.18	430.21	464.52	874.46	802.43	770.79	245.09	550.04	
229.36	130.55	172.33	284.71	758.87	906.34	490.28	312.10	440.21	213.56	359.74	610.16	883.29	240.77	697.63	362.66	108.13	743.78	738.45	293.96	636.20	297.34	255.47	726.38	726.56	718.99	600.84	528.98	489.78	844.92	79.02	718.14	974.48	250.36	2.85	733.35	156.70	492.12	45.45	595.91	704.68	404.19	206.07	587.97	643.96	902.70	949.64	751.09	646.48	688.09	
45.05	282.68	984.43	299.53	9.06	710.99	18.52	608.90	239.97	507.30	453.82	317.99	225.43	428.30	567.35	227.28	161.65	723.05	718.40	206.10	318.96	423.08	609.28	524.03	11.05	253.25	426.73	959.69	4.34	73.22	647.78	48.39	354.90	632.21	346.92	362.96	343.20	364.43	970.86	582.16	870.73	424.68	899.15	96.16	851.97	466.50	322.44	13.62	189.55	40.84	
218.71	507.51	462.92	827.00	31.55	472.98	80.25	457.28	432.67	83.58	529.50	80.45	130.97	883.40	711.66	476.89	246.36	54.85	840.32	217.22	636.02	711.05	640.89	535.17	806.21	492.87	1.67	128.65	505.49	190.23	168.49	723.20	696.74	630.41	550.20	727.29	103.38	629.45	184.57	535.05	712.03	713.06	614.50	842.00	596.46	326.16	318.88	841.82	380.01	159.20	
59.03	16.03	869.25	698.93	550.20	675.46	191.80	550.87	803.11	696.29	740.10	970.59	419.49	436.84	601.00	968.69	164.13	703.38	598.14	347.69	238.44	310.17	60.76	851.94	152.17	656.22	178.09	470.05	498.04	557.10	628.25	556.07	572.13	497.50	255.00	122.33	172.96	445.80	672.20	975.07	142.08	412.30	945.66	560.57	848.14	546.67	529.26	12.27	250.05	127.40	
358.96	487.49	436.57	418.72	339.42	587.74	74.94	516.51	57.79	571.98	73.62	685.04	128.05	644.75	182.55	382.04	766.08	354.51	826.84	438.28	329.58	967.92	849.58	275.25	528.50	697.72	820.91	57.76	708.99	70.96	184.17	67.96	557.45	619.74	485.68	895.87	207.48	559.62	412.38	264.27	131.60	485.00	948.31	258.64	129.75	130.86	639.69	894.83	484.37	466.53	
333.10	812.96	434.45	182.69	88.20	961.95	879.41	908.12	19.71	588.40	978.08	202.88	655.36	535.53	821.61	141.04	431.40	29.09	699.66	842.78	292.36	830.26	327.78	240.67	88.90	456.53	370.52	727.59	351.36	853.89	194.11	683.46	666.85	627.57	865.15	754.05	589.52	744.56	662.17	608.23	332.96	640.26	810.11	987.32	175.79	631.72	128.36	606.19	659.81	827.02	
448.97	951.17	657.28	775.76	191.83	745.18	232.29	561.36	472.77	582.65	415.25	665.88	266.11	82.10	293.45	131.26	835.16	881.97	874.82	497.33	490.19	207.78	137.59	300.30	195.10	312.38	931.02	322.46	917.56	590.83	149.49	366.54	542.00	805.77	142.30	732.83	550.95	373.58	294.19	23.71	955.23	708.45	688.60	221.34	789.55	981.04	351.60	624.71	863.01	226.42	
122.04	353.20	433.19	258.63	652.50	627.29	570.00	583.52	948.75	487.57	174.35	98.24	853.11	715.35	903.00	994.40	448.19	453.95	367.99	741.38	476.66	323.22	449.82	165.26	543.56	239.37	146.30	894.16	863.08	9.31	120.57	984.12	361.52	552.77	242.75	14.02	180.06	811.75	596.54	128.81	299.32	769.90	226.04	152.42	485.25	129.05	146.82	932.44	582.00	513.81	
673.81	58.66	836.03	123.64	222.92	379.59	362.01	368.22	273.74	225.09	376.53	393.32	209.21	737.05	945.08	450.95	750.07	125.14	262.70	346.61	252.94	561.01	116.51	477.99	712.44	600.76	606.03	858.26	533.20	188.03	372.07	207.01	245.69	208.09	329.64	467.61	586.68	690.65	834.83	859.42	914.74	211.36	252.74	123.94	947.41	197.82	573.89	697.48	321.96	835.59	
44.09	573.91	396.61	159.60	51.89	109.04	759.36	656.93	966.30	292.56	843.96	338.37	498.56	89.65	545.46	827.21	556.26	132.14	517.86	391.09	990.56	432.60	601.45	243.30	555.54	548.86	440.12	129.43	246.34	761.08	964.03	289.43	334.99	360.63	448.04	385.88	468.68	207.40	42.81	434.98	498.95	885.77	772.35	996.52	974.42	317.81	823.72	530.68	448.95	341.58	
920.77	439.51	773.18	522.22	681.81	328.72	71.08	121.93	457.15	316.43	882.02	421.17	604.86	217.01	780.81	52.90	601.89	249.48	259.29	643.70	683.46	757.24	529.48	455.81	753.76	503.90	772.62	577.48	34.58	221.56	918.07	954.35	660.07	691.24	476.57	341.88	19.96	546.65	462.82	476.11	862.07	344.83	896.28	466.93	560.84	677.09	518.83	162.73	925.57	777.12	
805.44	609.04	534.37	334.92	64.85	288.13	837.81	836.46	864.61	871.39	58.03	782.68	825.73	717.10	473.92	302.30	58.98	492.88	847.95	520.80	967.99	710.02	864.63	864.27	176.96	425.47	541.36	694.79	587.21	466.93	471.91	392.65	75.97	6.28	726.56	139.82	293.41	564.38	975.28	158.02	435.77	33.31	939.70	261.50	749.41	413.62	562.80	807.39	905.50	410.75	
328.19	873.48	120.77	192.82	737.75	296.73	617.30	279.11	990.51	204.51	745.04	462.42	596.15	820.01	467.70	322.72	958.82	760.11	886.09	934.10	917.13	321.86	966.41	856.83	582.36	715.82	270.45	145.16	523.21	175.95	554.91	850.40	49.43	674.68	43.22	786.18	970.41	659.52	65.29	960.92	863.03	809.33	423.35	459.18	629.33	890.05	780.90	588.16	650.16	667.00	
522.26	567.29	987.86	488.67	424.12	570.22	204.49	693.57	714.38	726.70	868.52	269.29	577.10	916.95	942.97	619.33	703.13	913.38	278.85	767.41	874.30	141.88	576.74	297.65	600.06	206.07	187.70	380.96	793.23	836.86	47.96	315.49	404.15	35.81	803.17	827.27	605.03	7.66	520.84	319.41	733.36	389.36	587.70	310.47	306.31	530.67	928.80	9.43	444.05	207.65	
775.85	318.35	348.52	352.58	614.99	947.58	557.65	801.69	328.54	350.88	638.55	375.50	665.38	42.70	410.31	468.54	868.97	15.34	475.20	389.81	333.75	208.57	778.17	920.44	518.04	84.47	451.11	446.83	92.90	894.16	653.48	867.75	212.50	2.00	220.33	826.50	948.58	776.99	628.19	277.13	127.87	266.73	651.62	792.25	308.43	61.93	260.79	177.39	76.27	734.99	
566.20	409.02	942.56	344.37	329.46	460.60	427.84	779.58	906.43	519.74	673.73	559.91	387.49	885.24	560.91	606.83	711.73	509.50	383.82	339.92	785.62	510.69	605.65	437.24	302.94	913.08	498.18	562.73	90.47	573.45	297.72	655.67	981.47	240.28	999.04	310.93	699.88	426.88	90.51	606.31	945.62	763.24	166.23	333.11	648.48	726.14	938.94	360.21	235.63	322.75	
699.13	21.26	832.44	304.79	457.50	135.38	217.87	954.68	697.11	307.34	528.13	993.83	962.02	509.60	234.12	961.06	819.53	933.00	387.93	909.04	539.32	333.55	672.28	704.54	665.66	320.76	430.68	604.60	679.98	665.32	926.36	379.11	685.57	758.80	682.89	143.07	893.18	899.76	97.75	590.29	207.10	624.88	584.13	169.12	134.47	817.25	130.17	953.00	750.25	517.11	
862.04	289.57	849.66	534.33	993.11	515.32	854.09	423.79	119.92	534.06	89.10	46.28	912.17	773.67	804.08	595.07	915.75	697.27	494.83	13.50	287.56	700.93	637.37	870.69	869.05	770.85	687.94	998.22	723.85	438.19	515.33	585.90	726.75	364.99	120.22	719.86	879.31	973.31	143.65	998.23	507.38	231.75	44.51	419.55	5.42	847.60	14.62	920.17	544.86	508.45	
932.66	831.42	209.38	570.04	702.11	78.43	340.88	390.05	76.66	64.74	827.23	590.99	649.63	553.98	954.97	768.85	273.84	834.28	742.17	416.49	832.51	249.54	647.24	876.02	668.09	651.66	723.62	681.71	571.83	268.48	190.16	504.49	99.90	398.54	74.53	801.01	475.98	414.41	191.06	551.63	478.15	18.30	142.62	127.78	571.28	97.59	895.63	844.12	930.87	637.80	
260.61	763.38	886.34	906.85	639.40	554.43	558.50	363.02	236.14	130.33	630.50	425.30	633.82	729.40	822.84	707.34	530.41	298.82	121.75	720.48	849.45	598.90	737.78	991.07	725.68	309.06	88.66	621.31	153.18	19.53	259.10	412.79	781.91	145.44	319.64	421.31	698.87	877.15	783.32	934.01	7.47	413.82	359.31	640.29	143.22	182.15	347.64	672.63	479.97	468.39	
393.11	329.41	67.29	130.88	320.48	791.97	438.94	408.14	413.27	591.12	426.66	671.38	3.92	208.57	815.82	322.56	628.87	514.69	199.70	412.20	448.70	206.18	825.02	807.01	845.47	967.23	988.16	193.11	639.86	468.12	660.50	32.97	796.53	726.79	162.86	117.01	518.75	600.80	524.15	931.03	191.92	949.81	602.40	194.84	158.38	418.22	516.40	786.26	931.91	715.10	
198.45	380.60	920.28	23.47	187.61	765.76	989.70	175.76	957.87	629.56	642.88	618.37	661.54	439.42	345.15	823.39	555.43	862.91	424.19	79.58	793.94	615.11	29.40	396.34	808.95	186.78	813.56	325.35	972.03	745.46	40.46	170.49	126.07	959.74	192.95	312.68	725.49	182.65	487.44	683.36	811.22	130.33	301.72	472.76	568.74	645.88	296.15	124.18	508.79	719.34	
202.76	302.72	334.45	231.15	698.06	143.41	416.93	511.62	467.76	388.96	257.08	507.21	558.45	382.15	466.95	750.40	693.83	192.45	932.06	181.27	874.80	743.28	310.59	176.53	216.03	878.34	821.41	511.18	2.51	330.19	230.52	204.27	631.92	563.98	434.42	329.98	706.38	850.35	840.59	174.14	239.32	97.68	680.36	796.77	478.82	147.31	547.17	172.65	338.76	479.22	
352.92	213.56	222.50	662.51	389.09	437.53	540.85	210.49	947.71	542.36	539.69	178.24	745.63	171.60	741.21	180.05	500.58	447.60	30.40	341.17	620.74	268.72	437.85	301.10	65.48	915.67	447.41	611.65	88.32	785.17	90.87	440.24	997.73	312.37	102.75	386.82	748.91	642.60	596.31	696.62	184.95	135.99	873.86	929.58	306.60	615.07	109.63	806.17	62.67	139.03	
147.35	682.41	406.75	584.20	982.51	471.23	499.87	429.92	82.88	587.19	215.09	172.75	27.43	212.81	484.13	129.18	598.63	233.03	770.78	194.94	928.65	954.74	329.93	802.51	884.32	635.53	417.58	992.95	441.70	479.25	131.98	588.05	161.65	537.73	172.25	144.16	8.96	671.11	573.08	90.84	258.31	787.16	262.59	284.74	998.98	745.72	412.92	597.61	977.75	183.71	
791.54	906.41	138.44	121.48	708.92	22.76	756.00	126.50	15.71	197.71	604.74	146.69	784.76	765.40	683.42	956.00	908.56	691.38	627.12	481.63	781.21	884.42	268.80	43.80	169.16	267.78	788.52	581.09	864.38	766.27	763.79	655.92	672.68	901.24	776.40	381.60	923.00	532.40	507.10	937.71	729.11	111.84	84.40	513.87	876.23	766.82	469.87	784.79	458.19	96.99	
266.42	239.40	980.41	534.22	282.21	149.58	801.00	70.73	729.66	665.38	836.00	493.46	321.30	508.68	394.70	97.70	889.28	317.69	629.11	396.38	255.40	358.22	507.22	338.80	871.09	383.45	105.61	340.96	168.24	562.80	436.95	433.67	801.21	417.37	966.89	83.41	565.94	767.89	153.14	295.61	433.27	988.14	788.07	753.57	496.83	182.76	850.28	386.11	499.45	479.39	
781.49	753.85	836.61	288.71	92.65	707.70	671.16	197.26	48.67	838.40	759.06	484.62	272.07	560.27	900.99	238.96	642.68	466.93	6.85	794.82	761.54	439.12	782.96	549.60	192.69	279.79	731.36	42.97	664.90	230.82	521.36	446.39	983.67	357.96	734.09	76.32	65.67	405.25	272.58	113.33	243.65	31.64	596.95	514.73	590.90	497.94	752.69	233.58	963.87	758.54	
28.40	725.41	197.66	810.37	275.01	389.35	90.16	6.37	431.32	754.06	236.19	951.67	200.44	219.86	309.63	933.53	295.18	374.30	338.79	566.76	486.63	581.44	597.39	83.58	96.17	188.29	580.52	847.85	420.88	544.39	606.39	448.28	269.79	803.05	258.65	543.80	192.40	347.81	549.18	622.71	101.86	784.37	574.38	301.31	4.23	883.02	234.84	298.41	257.32	572.63	
864.17	742.95	154.07	461.56	825.53	249.24	648.85	406.05	97.09	69.73	949.44	702.48	517.01	219.23	505.53	774.66	762.03	696.93	122.47	311.21	319.64	223.33	95.58	893.03	523.64	98.81	776.04	757.48	396.22	33.36	330.11	260.39	775.31	483.18	720.95	600.84	731.41	369.80	6.89	827.50	438.53	955.32	529.99	954.55	174.55	35.52	729.21	935.58	731.45	850.68	
246.79	51.09	74.01	341.37	943.12	596.65	439.17	719.17	354.14	834.39	751.53	683.25	94.78	526.84	166.42	814.73	127.68	896.84	184.53	133.57	724.34	622.06	88.89	254.33	576.60	262.44	288.85	305.81	198.03	20.30	156.49	443.82	70.39	229.50	784.18	13.51	825.15	223.35	731.68	179.29	57.75	483.21	861.53	151.53	10.04	27.96	965.25	136.72	923.79	149.78	
269.29	648.13	770.84	357.18	901.46	347.44	618.63	190.31	652.25	815.65	209.60	807.74	259.47	278.99	37.23	43.65	291.51	861.39	266.00	23.18	40.67	322.75	505.39	901.21	473.28	514.43	928.16	438.53	650.16	851.96	587.31	918.45	500.09	358.14	275.63	401.55	704.58	893.26	590.86	356.83	708.91	799.46	164.56	967.38	78.46	200.80	11.03	368.96	62.19	276.04	
391.15	101.86	597.79	895.54	3.07	71.07	409.97	930.23	508.60	60.13	782.19	95.91	977.58	282.28	453.05	253.22	682.83	157.63	146.48	273.69	513.46	854.39	73.15	677.02	821.77	150.61	876.82	831.81	518.57	938.00	107.84	908.72	39.86	704.63	804.26	41.93	774.70	214.23	971.16	283.30	273.37	753.36	378.21	250.95	35.64	830.25	503.16	717.47	986.88	648.64	
