50
50
30
376    112
204     81
 72     36
485    242
339    135
 96     19
150     60
229     45
476    238
346    138
352    105
 79      7
483    241
308     92
184     92
161     48
370    111
418    125
204     20
393     78
116     23
402     40
246     73
215     43
495    247
411    164
469    187
434     43
 77     38
276    110
319     31
 22      2
494     98
225     90
 52     10
336     67
202     20
 20     10
463    185
372     74
381    152
 25      7
368    184
406     81
 16      6
398    159
319    127
119     23
445     44
500    250
684     43      213
215     92      360
495     23      502
293     73      334
295     92      653
898     41      362
275     19      413
656     53      687
737     21      426
627     23      557
139     90      215
112     20      214
946     68      522
158     84      247
554     31      432
842     63      531
241     83      234
657     45      425
705     71      311
756     79      245
893     15      614
732     23      203
422     49      417
530     50      642
874     13      438
606     42      285
224     86      522
583     66      386
995     37      686
676     35      636
219     83      360
686     76      445
771     96      542
293     79      408
785     81      579
671     81      495
294     84      571
141     64      538
986     40      227
369     99      296
321     46      641
168     89      489
186     84      558
207     38      209
588     20      536
630     86      289
300     13      540
364     21      316
251     35      260
445     28      651
380.88	70.40	517.75	345.80	626.35	339.37	124.46	645.50	887.39	807.61	929.79	645.86	63.32	247.51	804.34	555.46	969.22	859.50	205.72	401.85	26.94	125.12	916.52	361.68	711.98	111.99	739.57	578.46	12.44	693.47	232.89	392.32	762.87	749.64	737.12	389.22	89.01	860.58	34.72	975.40	668.19	963.51	621.25	730.51	211.03	425.59	285.98	180.25	285.09	490.70	
581.09	311.03	614.82	497.62	671.72	326.80	608.61	411.29	904.26	620.05	104.76	137.15	12.36	866.63	885.80	748.49	255.85	973.81	609.07	289.57	949.20	277.26	253.08	570.45	7.77	463.11	995.05	292.75	642.35	280.14	782.45	223.45	590.17	397.27	720.06	261.89	723.06	328.67	672.18	627.32	947.72	775.94	763.48	959.08	642.57	649.27	707.57	897.41	623.08	316.64	
186.99	572.28	592.89	439.07	142.74	599.67	901.18	137.79	891.41	543.53	416.93	673.86	765.98	7.10	71.13	486.05	267.99	793.19	813.72	939.18	420.51	761.44	715.12	183.99	720.52	357.68	832.26	428.09	255.10	455.34	743.72	441.08	27.62	336.62	879.15	169.36	935.28	780.33	306.15	826.70	323.86	722.07	500.56	89.84	728.17	570.68	574.89	995.17	363.87	388.61	
934.34	783.38	150.04	649.46	966.37	869.56	7.14	798.63	297.65	261.24	253.98	41.37	701.32	280.60	376.99	580.47	448.96	312.28	360.80	754.11	138.98	683.66	476.18	638.53	772.51	204.36	209.21	347.39	199.52	572.09	735.00	133.87	355.47	884.04	782.33	321.84	753.60	788.47	120.47	51.25	49.71	373.45	91.63	750.03	653.05	467.62	330.51	102.01	778.90	690.31	
855.11	916.87	373.97	331.30	555.40	146.48	534.65	763.62	492.87	733.18	335.70	227.87	866.04	690.17	111.91	648.37	12.01	864.52	436.84	131.49	914.77	485.55	503.93	6.40	235.58	156.98	473.02	565.09	257.99	251.91	255.40	113.10	168.78	628.37	443.40	723.19	773.85	977.05	486.81	266.72	710.23	821.51	493.59	576.27	511.68	604.50	224.64	522.69	469.02	660.48	
653.18	383.79	146.03	157.11	389.18	380.61	313.09	861.20	944.70	570.08	113.11	200.10	682.19	280.90	827.47	125.59	4.08	601.31	102.64	489.89	867.03	811.87	311.40	360.62	388.14	822.08	964.12	611.78	344.77	433.13	272.27	996.95	815.92	417.30	154.06	205.10	796.91	466.16	66.30	741.62	36.24	178.41	940.72	717.43	458.31	768.19	842.02	461.39	369.50	943.66	
950.28	236.53	755.53	261.68	596.15	143.67	83.76	560.27	754.45	427.53	992.40	26.72	424.48	808.32	443.02	577.54	13.42	239.93	43.70	78.71	980.55	78.94	256.13	921.27	795.37	713.43	689.45	637.38	174.82	58.95	581.04	125.10	294.48	336.57	385.78	889.63	479.24	468.54	449.90	233.70	895.07	442.30	259.42	319.55	250.61	701.44	896.10	263.03	940.37	938.79	
340.74	920.92	17.73	595.87	842.19	812.10	309.30	531.64	449.48	483.12	589.60	30.52	607.22	883.08	366.09	992.00	772.72	844.33	460.54	222.62	78.03	355.61	663.91	336.45	674.16	913.53	37.89	570.26	176.56	977.26	509.05	516.30	898.18	525.79	112.17	740.37	337.88	420.47	272.01	786.36	902.60	860.61	815.89	509.82	743.69	181.98	501.82	516.41	26.31	961.37	
738.03	103.34	316.98	401.94	438.79	990.14	315.47	475.68	560.40	491.02	452.94	69.46	7.33	351.12	594.24	118.50	91.49	931.13	537.97	362.50	717.49	440.57	223.12	533.38	949.39	965.81	714.36	451.21	482.22	739.67	412.58	220.25	842.01	728.56	621.18	280.80	718.70	935.65	755.48	279.10	426.68	208.42	347.56	433.00	558.53	940.80	550.50	649.02	871.93	88.47	
11.53	589.42	528.04	233.64	122.80	477.42	199.45	836.16	927.64	680.67	575.83	340.21	899.91	417.84	68.77	521.10	697.64	786.47	456.75	453.13	65.57	882.43	660.54	412.13	315.43	219.08	352.94	864.93	867.10	224.87	952.40	877.63	813.29	480.43	111.27	935.09	956.86	309.72	771.25	884.49	989.39	347.08	224.71	889.30	763.92	292.48	410.40	461.56	78.95	866.15	
913.69	143.52	748.58	574.23	554.65	64.01	792.31	906.59	927.93	659.41	131.46	880.33	537.04	943.75	360.76	647.31	878.85	317.62	956.02	650.10	202.12	945.41	996.18	425.82	834.71	760.10	717.30	245.11	221.67	795.25	111.27	135.36	937.77	858.85	708.59	492.43	921.85	500.90	399.02	849.79	160.31	529.48	730.12	696.35	473.23	90.88	343.65	352.08	407.51	299.68	
2.18	608.62	245.09	997.36	34.45	79.80	757.46	750.75	323.91	978.13	546.00	434.18	113.48	483.77	293.02	821.07	975.20	214.88	321.97	374.22	64.67	481.28	902.69	793.79	177.63	375.92	883.67	520.28	727.00	291.18	818.96	728.18	898.80	64.04	725.54	932.24	142.84	483.00	682.99	465.75	461.12	228.99	898.93	573.60	711.77	191.96	394.67	686.97	405.83	715.64	
61.18	469.50	196.92	962.88	263.29	373.55	338.80	146.96	892.83	65.80	437.13	711.78	792.98	335.93	774.83	518.52	268.18	916.67	1.52	950.17	382.43	461.64	179.17	281.36	35.24	889.93	472.31	428.91	576.90	877.15	144.55	637.08	346.65	340.47	599.96	608.94	713.02	937.75	754.90	605.84	3.56	192.03	317.63	795.54	526.96	92.46	314.06	794.14	9.13	314.57	
744.31	390.55	775.21	922.48	670.91	809.46	812.41	143.22	238.37	389.31	20.37	381.92	26.39	366.02	721.40	625.34	973.96	434.41	563.10	728.86	40.26	565.66	919.89	356.88	361.19	446.86	448.34	674.25	241.00	456.47	987.82	984.31	846.02	763.03	906.79	516.93	572.49	719.20	659.16	809.86	108.51	678.53	191.78	133.90	44.55	912.18	758.24	18.51	346.59	321.34	
746.37	385.85	886.00	666.26	741.73	247.19	113.12	190.08	920.43	353.12	645.55	908.26	337.43	491.57	671.29	244.21	8.50	243.78	962.41	666.66	53.64	70.92	345.19	244.42	203.81	388.74	156.60	961.05	406.25	502.19	282.39	152.62	887.04	168.39	817.89	628.78	414.58	930.01	817.85	335.01	283.12	463.40	243.27	619.55	953.96	913.55	862.76	961.47	157.33	825.17	
628.12	209.97	895.09	972.31	453.39	98.91	361.05	608.99	59.96	766.31	111.18	341.35	917.93	997.22	508.74	735.82	626.00	922.32	665.82	443.85	257.33	947.95	906.24	499.59	567.49	860.21	413.15	430.26	821.67	569.48	255.43	449.80	778.45	150.52	422.11	231.84	248.43	782.17	839.83	307.39	548.47	950.01	647.74	466.41	947.23	156.48	202.22	573.22	78.80	867.05	
17.07	335.13	814.99	922.32	833.72	382.49	782.53	246.87	811.74	604.20	815.35	67.18	54.00	593.80	216.70	475.11	824.63	464.13	257.28	664.46	770.52	804.75	614.47	418.26	271.16	561.69	573.75	472.38	134.92	651.55	339.43	150.99	985.68	154.42	73.31	819.40	535.91	854.83	66.27	347.65	459.03	880.62	413.83	512.03	474.42	629.53	986.14	299.05	93.66	243.42	
962.51	863.18	48.17	576.98	281.44	318.32	138.67	854.19	789.70	272.59	505.74	129.13	422.58	491.43	282.55	494.88	310.83	817.45	349.72	376.10	165.11	807.75	256.72	577.93	319.78	730.14	207.46	305.92	29.20	300.12	548.33	990.71	163.30	595.50	567.69	443.74	912.82	705.36	297.94	702.52	976.95	802.68	830.65	399.53	294.11	113.20	893.41	603.93	929.65	243.13	
979.03	94.76	50.88	235.76	671.69	369.65	964.90	878.15	674.57	993.09	178.27	222.90	983.80	340.57	817.40	551.49	783.32	730.22	256.86	81.25	432.75	233.81	882.93	263.40	632.34	177.04	375.60	525.75	779.97	305.25	767.89	759.01	399.01	817.76	993.76	70.70	187.42	958.66	947.86	860.99	951.76	126.13	83.89	935.56	465.70	900.29	487.05	249.02	630.51	742.91	
329.27	63.26	975.72	212.20	325.66	608.06	388.24	700.26	133.81	168.22	5.51	900.70	926.23	403.52	718.46	919.99	473.22	904.88	878.66	421.08	765.86	830.41	546.21	848.75	765.97	11.91	749.04	253.02	259.93	379.55	994.93	588.20	441.81	970.65	799.41	766.47	578.71	187.65	466.73	711.52	354.87	471.24	612.22	281.10	873.76	330.69	201.09	346.98	235.57	79.75	
767.06	1.43	909.16	313.27	849.18	675.12	324.18	598.22	927.15	583.11	976.77	922.08	171.31	418.59	892.73	969.72	185.06	471.44	157.37	650.79	182.96	511.24	122.03	794.19	791.34	994.78	124.88	991.43	341.76	359.44	71.18	108.81	359.87	979.33	421.08	209.05	654.46	744.26	806.27	581.60	327.37	783.04	503.68	497.68	201.63	396.41	467.40	385.69	866.85	623.77	
36.48	49.81	135.01	157.50	843.00	925.35	152.28	966.87	916.78	493.04	326.31	986.96	600.86	685.18	966.29	21.93	893.23	620.75	765.19	699.50	202.35	92.56	482.55	705.03	589.25	683.18	101.44	56.65	68.86	967.29	679.42	104.34	17.10	813.43	260.84	859.10	738.79	412.13	825.97	655.57	904.17	152.29	642.53	505.02	836.47	608.82	525.96	729.70	229.57	291.15	
429.21	430.92	382.71	910.75	135.95	970.96	593.93	236.39	27.61	661.79	203.68	706.03	765.14	219.78	519.46	25.98	78.88	258.25	437.11	903.85	912.82	341.28	56.13	555.35	845.30	891.60	164.17	371.26	621.31	392.74	661.41	50.52	822.66	44.13	960.27	957.61	15.09	554.20	194.01	41.69	215.99	396.69	746.72	980.13	615.47	266.18	6.11	693.34	523.43	442.22	
597.19	436.25	782.49	652.32	990.60	627.80	543.92	154.77	998.05	165.23	546.51	659.47	214.75	369.17	702.59	175.02	326.79	716.68	728.21	519.80	757.37	943.21	915.48	504.09	923.34	530.95	769.27	928.45	224.29	292.71	370.67	820.48	727.96	153.16	472.80	718.56	779.96	16.72	872.33	778.01	180.95	418.85	437.47	394.70	787.02	140.07	568.71	113.81	855.74	296.93	
632.61	613.12	240.13	548.09	117.21	163.47	79.04	885.48	91.92	302.33	178.19	461.58	122.80	905.15	613.75	594.60	623.71	393.70	610.32	496.04	171.71	790.27	913.89	608.18	184.97	700.91	747.25	752.68	813.72	603.00	49.61	446.32	216.11	288.74	993.41	332.32	451.22	72.45	217.80	542.14	373.77	394.99	3.72	495.58	300.13	616.47	90.18	922.84	10.17	699.50	
418.88	180.88	489.77	332.77	788.06	673.74	33.68	535.31	426.42	846.39	138.31	475.03	292.71	353.42	762.77	286.13	684.73	213.99	357.57	901.53	755.13	730.35	296.52	757.85	225.92	595.65	374.31	315.10	518.50	383.48	14.60	936.38	563.36	503.37	269.15	351.42	177.10	301.83	885.73	602.52	148.22	24.04	77.55	439.94	376.45	839.32	725.06	61.19	53.31	82.63	
961.72	807.44	811.98	258.24	565.29	37.91	852.90	938.60	352.01	371.39	322.08	365.61	307.77	884.44	867.97	575.93	235.86	45.07	876.75	121.59	646.59	24.97	144.63	723.14	463.91	520.08	562.47	188.97	580.27	614.78	270.61	541.99	422.22	82.59	799.23	986.51	119.50	652.13	925.11	470.50	23.52	247.20	835.11	330.30	131.64	703.08	905.22	366.49	747.15	781.97	
487.08	393.75	805.95	630.71	116.89	269.86	150.79	678.36	457.83	730.06	293.14	727.44	272.04	714.37	809.03	71.28	700.88	927.52	722.40	625.99	398.03	744.93	872.18	233.13	75.22	3.82	935.22	979.44	369.31	682.37	761.42	855.40	76.12	567.37	486.10	192.01	836.23	635.89	869.38	294.06	365.95	162.52	21.50	636.99	875.88	829.52	707.27	576.76	757.04	429.67	
202.75	155.07	174.60	74.93	387.20	248.82	77.75	322.42	228.26	446.07	4.79	988.68	301.46	79.91	556.05	786.57	270.92	392.27	422.46	140.30	685.33	787.40	301.82	705.83	424.39	177.70	535.35	131.66	753.46	292.39	560.33	955.21	446.46	733.93	30.14	832.67	981.74	106.89	155.08	210.01	551.96	158.87	198.69	852.42	237.78	753.73	638.98	507.70	146.01	61.44	
647.00	830.34	847.84	947.82	536.17	272.23	125.52	71.51	402.89	877.98	362.91	962.22	833.19	808.37	696.15	862.33	641.03	677.89	968.22	795.12	886.90	520.18	952.99	85.58	372.60	190.77	838.31	11.58	697.48	983.32	72.02	344.48	813.66	918.86	292.30	349.82	191.10	416.82	420.34	592.99	294.80	782.25	555.21	127.99	590.62	251.36	989.32	231.65	928.25	957.54	
26.77	815.15	477.72	978.76	899.73	849.32	169.53	738.04	859.90	866.01	721.36	930.92	210.49	535.02	849.79	501.79	883.85	40.88	917.60	304.19	632.87	212.40	86.43	188.08	339.39	676.05	438.44	328.71	906.70	366.69	286.25	932.47	181.84	762.97	911.23	81.57	612.28	80.77	818.61	472.19	945.78	539.97	403.11	156.27	75.00	252.89	657.05	957.84	292.78	574.66	
262.03	924.65	786.06	347.46	112.73	125.44	23.51	550.17	453.15	929.21	915.86	738.40	861.68	97.70	501.36	772.91	178.26	113.65	852.68	995.87	584.83	798.46	535.85	986.94	953.72	609.84	239.83	610.78	567.68	531.61	185.43	828.71	456.26	970.49	176.17	567.98	95.93	198.68	118.15	548.08	127.89	34.02	286.48	988.58	130.71	786.84	761.49	307.98	899.49	614.17	
303.85	484.32	412.63	838.70	471.26	366.35	448.54	710.09	976.13	16.22	241.70	161.56	843.93	696.96	132.05	20.10	264.94	226.98	217.79	382.10	774.06	344.68	415.11	60.54	333.26	544.83	846.37	94.75	851.81	745.86	707.92	155.66	230.18	120.55	993.35	700.44	485.90	441.89	410.53	462.03	457.11	651.23	622.59	301.05	348.19	753.64	320.15	612.13	979.62	536.94	
993.22	753.67	880.62	408.33	813.21	213.88	952.16	659.58	307.63	803.96	405.45	15.55	958.62	634.62	135.10	951.98	335.06	620.01	393.87	744.59	82.04	849.98	395.82	703.63	151.03	743.00	457.27	470.18	355.13	436.89	7.12	348.35	190.56	886.74	755.69	3.77	100.61	707.84	662.35	407.24	511.81	67.80	421.79	470.43	701.42	555.90	422.41	36.49	175.91	815.28	
780.08	256.95	665.26	175.90	959.58	815.29	917.90	416.85	285.47	273.03	852.73	291.58	620.38	43.29	178.32	376.07	46.06	277.93	83.91	707.42	684.17	594.72	774.22	105.97	65.15	475.64	660.86	486.56	511.13	835.77	301.84	291.20	92.72	966.10	466.10	52.29	781.38	384.00	468.14	66.85	656.03	320.88	357.43	276.41	363.17	534.75	651.48	408.24	811.68	734.39	
115.65	495.85	329.12	888.87	600.82	393.27	364.52	261.68	878.83	874.64	97.45	180.67	165.85	189.17	146.77	630.94	240.46	927.15	14.94	707.61	993.00	669.97	28.48	350.44	945.38	390.65	884.18	596.86	797.89	695.86	331.26	912.54	191.71	659.38	801.42	791.52	52.65	165.93	53.21	930.48	40.58	149.66	111.16	205.42	337.83	256.93	835.36	577.29	184.08	849.31	
284.89	177.09	519.28	312.38	526.52	464.66	702.03	410.71	61.52	499.92	106.56	391.78	412.47	297.27	51.16	213.88	88.80	102.81	378.82	141.00	33.29	418.39	289.66	143.45	622.81	626.49	399.38	458.18	203.77	582.46	307.49	487.67	758.55	825.76	799.05	285.07	290.42	501.08	694.78	350.95	1.00	800.34	741.73	412.47	97.62	791.89	625.35	185.41	893.70	4.17	
325.42	925.99	421.56	614.08	69.44	44.38	240.56	467.82	501.56	443.34	50.28	808.04	930.01	807.83	633.81	729.05	92.90	923.23	230.13	786.68	274.17	230.14	587.03	15.90	641.61	683.64	806.79	266.96	868.06	700.48	270.13	193.47	626.47	690.70	806.55	694.91	734.07	47.11	162.73	235.63	489.44	212.01	43.67	419.45	19.84	676.48	148.50	111.74	599.71	377.64	
897.42	872.88	606.77	484.45	887.78	248.38	168.09	694.57	514.33	36.15	395.05	783.47	228.62	21.53	474.16	35.17	715.44	208.23	81.27	877.17	442.87	569.72	89.17	485.54	988.17	108.01	162.02	136.67	218.75	760.72	513.31	116.18	633.60	120.08	599.63	521.38	367.45	766.72	215.95	880.79	801.87	610.01	664.25	30.49	630.53	138.41	64.65	345.97	345.65	144.93	
223.14	787.51	713.65	311.31	273.05	701.82	418.32	434.07	837.49	636.07	194.79	350.79	751.25	827.39	469.87	350.87	348.77	836.32	117.59	563.72	717.10	918.46	173.73	381.36	947.95	803.26	518.77	12.60	149.23	863.42	156.53	371.36	650.93	869.18	681.67	922.98	571.00	99.99	357.05	408.48	735.06	550.83	758.27	486.31	378.22	228.14	836.18	725.99	64.46	952.77	
289.71	780.56	871.23	462.44	161.92	819.18	265.69	679.69	830.78	413.92	543.11	986.31	784.29	194.04	855.49	465.96	117.02	426.49	564.95	473.07	833.97	300.02	23.90	592.24	785.32	401.12	819.38	621.50	127.11	882.84	574.27	415.82	663.41	445.50	877.26	824.33	264.68	142.96	504.02	95.46	555.88	47.12	81.77	340.17	240.16	936.27	805.13	356.18	362.75	370.09	
828.25	196.72	669.10	851.15	787.97	454.43	252.27	607.35	75.93	378.39	490.19	649.21	793.21	153.60	94.71	670.47	976.93	358.39	812.43	480.94	452.86	368.31	527.07	533.63	707.48	766.23	469.90	512.61	122.41	831.65	881.70	949.66	28.38	550.80	800.81	815.35	5.23	53.08	422.70	80.16	430.47	911.89	728.37	223.68	65.49	822.08	893.15	42.42	180.47	705.58	
522.37	632.33	73.89	49.44	165.97	780.37	814.66	634.86	292.98	936.07	466.52	174.67	885.73	493.90	724.47	686.54	309.24	728.70	738.61	730.94	807.86	169.08	642.83	536.23	391.76	707.32	358.31	284.91	748.75	537.79	989.49	271.11	170.12	63.38	319.55	335.08	842.75	134.21	968.95	135.72	70.29	435.47	309.40	955.02	928.36	33.87	641.56	237.60	761.58	380.17	
967.54	569.44	548.25	610.37	105.67	939.01	317.70	462.98	223.92	66.44	999.77	213.40	336.56	169.88	275.78	655.11	503.97	118.53	788.32	472.91	253.25	857.61	907.38	561.65	812.63	835.74	594.52	454.18	73.35	356.10	833.35	40.89	924.54	381.60	650.26	30.21	320.61	966.96	492.19	543.53	33.40	491.96	755.93	368.96	660.84	31.71	24.06	164.81	149.24	811.38	
636.72	401.49	668.99	544.10	962.13	481.62	379.84	556.66	934.80	452.19	911.75	768.15	492.08	836.29	149.76	142.34	865.50	469.37	109.30	357.69	12.90	141.70	848.65	767.83	509.66	509.49	798.54	532.72	673.29	946.78	344.10	310.02	348.27	13.10	853.12	310.40	493.71	232.96	866.06	428.52	684.15	777.81	196.67	176.22	614.10	345.43	317.56	479.60	813.80	425.86	
836.29	825.70	566.55	684.94	593.53	76.21	194.42	392.07	607.93	866.72	338.85	951.03	176.73	686.11	963.13	29.85	995.52	456.84	261.81	861.57	884.36	944.96	639.38	81.03	121.18	253.48	425.46	437.74	732.09	239.25	862.60	568.38	64.95	429.15	253.31	657.48	504.36	446.74	49.55	112.29	313.45	387.39	63.32	489.19	73.51	26.45	518.04	69.02	482.29	778.84	
929.60	366.65	723.80	568.98	446.68	843.98	821.46	871.14	281.72	553.55	110.39	144.32	121.92	174.34	572.47	374.24	830.82	76.83	819.97	879.37	188.12	133.43	266.76	250.44	621.61	339.27	275.89	139.65	407.30	757.18	917.49	336.89	123.84	641.29	904.87	569.52	485.28	726.34	440.65	766.00	279.88	550.05	909.32	400.81	723.39	481.79	774.05	554.21	557.61	594.02	
433.58	744.73	726.44	699.35	994.17	348.06	38.62	270.06	486.70	444.92	27.24	404.19	780.81	150.08	45.49	685.68	718.59	529.76	412.02	159.25	295.76	690.91	708.30	205.08	91.71	431.69	685.86	864.76	984.90	243.48	458.78	418.48	987.21	185.22	117.83	981.38	532.28	155.45	251.44	18.98	599.36	277.68	422.18	380.17	426.75	466.66	65.86	145.35	995.43	476.88	
303.60	291.19	167.78	11.89	495.26	258.50	442.58	181.13	123.26	427.48	423.61	581.04	844.96	410.82	765.26	961.79	392.20	297.54	117.23	642.63	315.53	715.60	919.31	736.70	95.77	346.07	203.37	160.63	490.41	198.79	636.51	793.01	488.98	803.29	803.90	983.24	61.79	246.48	164.37	184.05	672.96	586.98	764.09	517.92	996.80	529.35	479.71	389.00	825.90	595.94	
31.63	141.43	311.54	949.94	877.13	406.32	296.01	80.49	565.95	785.42	278.29	202.46	578.43	766.26	5.75	382.34	749.50	66.54	627.82	912.87	249.59	300.78	499.85	13.68	817.70	496.65	542.04	297.41	884.65	367.94	892.36	915.28	508.36	203.90	865.22	385.49	609.21	161.23	464.98	175.16	945.65	742.27	376.62	524.08	508.53	381.37	905.41	258.04	446.91	533.23	
